30 4

   0  17  30  38  30  40  41  32  38  43  37  52  46  35  41  57  66  53  34  45  56  45  31  34  28  21  26  30  24  35
  17   0  24  32  24  34  36  27  37  44  42  53  50  41  48  65  74  61  41  53  64  52  38  41  35  23  34  37  24  43
  30  24   0  21  16  25  28  22  38  49  51  57  57  51  59  77  87  74  54  66  77  65  50  53  47  34  47  49  29  56
  38  32  21   0  17  25  28  25  44  56  58  63  64  59  66  84  94  81  61  73  84  71  55  60  53  39  54  56  36  63
  30  24  16  17   0  27  30  26  42  54  54  61  61  54  62  79  88  75  56  67  78  65  49  53  47  32  48  51  33  57
  40  34  25  25  27   0  18  19  38  51  55  56  59  57  66  85  96  83  63  75  87  76  61  65  59  46  56  57  34  67
  41  36  28  28  30  18   0  18  33  46  51  49  55  56  64  84  95  82  62  76  87  78  64  67  61  49  57  56  33  68
  32  27  22  25  26  19  18   0  28  41  45  47  50  48  56  76  87  74  54  67  79  69  55  58  52  41  48  48  25  59
  38  37  38  44  42  38  33  28   0  33  38  38  41  43  51  71  84  71  51  65  77  70  59  61  56  48  48  45  24  60
  43  44  49  56  54  51  46  41  33   0  29  32  31  36  42  62  77  64  45  60  71  67  60  60  57  53  46  40  29  57
  37  42  51  58  54  55  51  45  38  29   0  32  20  23  24  45  59  47  30  45  55  54  50  50  49  48  36  28  32  44
  52  53  57  63  61  56  49  47  38  32  32   0  27  43  44  63  79  67  51  66  76  75  69  70  67  64  55  48  40  65
  46  50  57  64  61  59  55  50  41  31  20  27   0  32  29  48  64  53  38  53  61  62  59  59  58  57  45  37  38  53
  35  41  51  59  54  57  56  48  43  36  23  43  32   0  26  46  59  46  27  42  52  50  45  45  44  44  31  23  33  40
  41  48  59  66  62  66  64  56  51  42  24  44  29  26   0  23  38  26  19  30  35  40  43  44  46  50  33  28  44  34
  57  65  77  84  79  85  84  76  71  62  45  63  48  46  23   0  22  17  32  33  25  39  51  53  58  64  47  45  64  40
  66  74  87  94  88  96  95  87  84  77  59  79  64  59  38  22   0  19  41  37  15  35  51  55  62  68  54  55  74  42
  53  61  74  81  75  83  82  74  71  64  47  67  53  46  26  17  19   0  28  24  15  28  41  44  50  57  41  42  61  31
  34  41  54  61  56  63  62  54  51  45  30  51  38  27  19  32  41  28   0  23  34  32  32  33  36  41  23  22  41  24
  45  53  66  73  67  75  76  67  65  60  45  66  53  42  30  33  37  24  23   0  26  25  32  34  40  47  32  35  54  21
  56  64  77  84  78  87  87  79  77  71  55  76  61  52  35  25  15  15  34  26   0  22  40  44  52  58  45  49  67  32
  45  52  65  71  65  76  78  69  70  67  54  75  62  50  40  39  35  28  32  25  22   0  24  30  38  44  37  44  60  21
  31  38  50  55  49  61  64  55  59  60  50  69  59  45  43  51  51  41  32  32  40  24   0  18  23  26  28  38  47  20
  34  41  53  60  53  65  67  58  61  60  50  70  59  45  44  53  55  44  33  34  44  30  18   0  24  30  26  36  46  20
  28  35  47  53  47  59  61  52  56  57  49  67  58  44  46  58  62  50  36  40  52  38  23  24   0  24  25  35  41  28
  21  23  34  39  32  46  49  41  48  53  48  64  57  44  50  64  68  57  41  47  58  44  26  30  24   0  31  39  36  36
  26  34  47  54  48  56  57  48  48  46  36  55  45  31  33  47  54  41  23  32  45  37  28  26  25  31   0  23  36  24
  30  37  49  56  51  57  56  48  45  40  28  48  37  23  28  45  55  42  22  35  49  44  38  36  35  39  23   0  34  32
  24  24  29  36  33  34  33  25  24  29  32  40  38  33  44  64  74  61  41  54  67  60  47  46  41  36  36  34   0  47
  35  43  56  63  57  67  68  59  60  57  44  65  53  40  34  40  42  31  24  21  32  21  20  20  28  36  24  32  47   0

   0  22  28  36  33  38  40  29  28  33  34  45  41  26  40  65  66  59  43  45  61  47  40  33  24  23  23  32  19  39
  22   0  26  34  31  36  39  28  31  38  43  50  49  36  51  77  78  71  54  57  73  58  51  44  35  29  35  43  23  51
  28  26   0  18  18  22  26  18  27  38  47  49  51  41  57  84  86  79  62  65  81  66  58  51  42  35  43  50  23  59
  36  34  18   0  19  22  26  21  33  45  54  55  58  49  64  91  93  86  69  72  88  72  63  58  48  40  50  57  30  66
  33  31  18  19   0  27  31  25  34  46  53  56  58  47  63  89  90  83  67  69  85  69  60  54  45  36  47  55  30  63
  38  36  22  22  27   0  15  14  26  39  50  47  52  46  63  91  94  87  70  73  90  76  68  62  53  46  51  57  27  69
  40  39  26  26  31  15   0  14  22  35  47  41  49  46  62  91  94  87  70  75  91  79  72  65  56  50  53  57  27  71
  29  28  18  21  25  14  14   0  16  29  40  38  43  37  53  82  85  78  61  65  82  69  62  55  46  41  43  48  18  61
  28  31  27  33  34  26  22  16   0  16  28  24  29  27  43  72  77  70  53  58  75  65  61  53  45  43  38  40  12  57
  33  38  38  45  46  39  35  29  16   0  19  18  19  20  34  63  70  63  47  53  69  62  62  52  46  48  36  35  17  54
  34  43  47  54  53  50  47  40  28  19   0  23  13  12  21  51  57  51  37  43  58  54  57  47  43  48  31  28  25  46
  45  50  49  55  56  47  41  38  24  18  23   0  17  29  38  66  74  68  55  61  76  72  73  64  58  61  47  45  30  64
  41  49  51  58  58  52  49  43  29  19  13  17   0  20  25  53  61  56  44  50  63  61  65  55  51  56  39  36  30  54
  26  36  41  49  47  46  46  37  27  20  12  29  20   0  19  48  53  46  30  36  51  46  48  38  34  40  22  19  22  38
  40  51  57  64  63  63  62  53  43  34  21  38  25  19   0  30  37  31  27  29  39  41  51  42  41  51  29  29  38  37
  65  77  84  91  89  91  91  82  72  63  51  66  53  48  30   0  27  28  46  38  35  46  65  57  59  71  49  52  64  49
  66  78  86  93  90  94  94  85  77  70  57  74  61  53  37  27   0  25  50  37  20  37  60  54  58  70  51  57  69  46
  59  71  79  86  83  87  87  78  70  63  51  68  56  46  31  28  25   0  41  28  24  34  54  47  50  63  42  48  60  39
  43  54  62  69  67  70  70  61  53  47  37  55  44  30  27  46  50  41   0  29  45  40  47  38  38  49  26  30  42  34
  45  57  65  72  69  73  75  65  58  53  43  61  50  36  29  38  37  28  29   0  31  27  41  33  36  49  29  37  49  25
  61  73  81  88  85  90  91  82  75  69  58  76  63  51  39  35  20  24  45  31   0  27  52  46  51  63  45  54  65  39
  47  58  66  72  69  76  79  69  65  62  54  72  61  46  41  46  37  34  40  27  27   0  34  30  35  47  35  47  56  26
  40  51  58  63  60  68  72  62  61  62  57  73  65  48  51  65  60  54  47  41  52  34   0  23  25  34  31  46  48  30
  33  44  51  58  54  62  65  55  53  52  47  64  55  38  42  57  54  47  38  33  46  30  23   0  20  32  23  38  41  24
  24  35  42  48  45  53  56  46  45  46  43  58  51  34  41  59  58  50  38  36  51  35  25  20   0  23  19  34  33  29
  23  29  35  40  36  46  50  41  43  48  48  61  56  40  51  71  70  63  49  49  63  47  34  32  23   0  29  42  32  41
  23  35  43  50  47  51  53  43  38  36  31  47  39  22  29  49  51  42  26  29  45  35  31  23  19  29   0  23  29  26
  32  43  50  57  55  57  57  48  40  35  28  45  36  19  29  52  57  48  30  37  54  47  46  38  34  42  23   0  30  37
  19  23  23  30  30  27  27  18  12  17  25  30  30  22  38  64  69  60  42  49  65  56  48  41  33  32  29  30   0  48
  39  51  59  66  63  69  71  61  57  54  46  64  54  38  37  49  46  39  34  25  39  26  30  24  29  41  26  37  48   0

   0  14  29  32  30  39  45  31  38  35  38  48  44  33  46  62  71  54  29  38  61  48  28  26  21  16  18  23  22  30
  14   0  23  26  24  33  40  26  37  36  43  49  48  39  53  70  79  62  36  46  69  55  35  33  28  18  26  30  22  38
  29  23   0  16  17  25  33  22  39  42  53  54  56  50  65  83  93  76  50  60  83  69  48  46  41  30  40  43  28  52
  32  26  16   0  15  22  30  22  42  46  57  57  60  55  69  87  97  80  54  64  87  72  50  50  44  32  44  47  32  56
  30  24  17  15   0  27  35  26  43  47  56  58  60  53  68  85  94  77  52  61  84  69  47  46  41  28  41  45  32  53
  39  33  25  22  27   0  23  19  39  44  57  53  58  56  72  91 102  85  59  69  93  80  59  58  53  42  49  51  33  63
  45  40  33  30  35  23   0  21  37  42  56  49  57  58  73  93 104  87  61  73  96  85  65  63  58  48  53  53  35  67
  31  26  22  22  26  19  21   0  29  34  47  44  49  47  62  82  93  76  50  61  85  73  53  51  46  37  41  42  24  55
  38  37  39  42  43  39  37  29   0  26  40  35  40  42  57  77  90  73  47  59  83  74  57  54  50  44  41  39  23  56
  35  36  42  46  47  44  42  34  26   0  26  24  25  30  43  63  78  61  36  49  72  66  53  48  46  44  34  29  23  48
  38  43  53  57  56  57  56  47  40  26   0  31  21  24  32  53  67  51  28  41  63  60  50  45  45  46  31  24  33  42
  48  49  54  57  58  53  49  44  35  24  31   0  24  40  48  67  83  67  45  58  80  77  65  61  59  58  46  40  37  59
  44  48  56  60  60  58  57  49  40  25  21  24   0  30  34  53  69  54  33  46  66  65  56  51  51  52  37  30  36  48
  33  39  50  55  53  56  58  47  42  30  24  40  30   0  31  51  64  47  22  35  57  53  42  37  37  39  23  16  31  35
  46  53  65  69  68  72  73  62  57  43  32  48  34  31   0  33  48  32  19  28  45  48  45  41  44  50  30  26  47  34
  62  70  83  87  85  91  93  82  77  63  53  67  53  51  33   0  32  23  32  31  35  47  53  50  56  64  44  43  67  40
  71  79  93  97  94 102 104  93  90  78  67  83  69  64  48  32   0  25  41  35  25  43  53  52  60  68  51  53  77  42
  54  62  76  80  77  85  87  76  73  61  51  67  54  47  32  23  25   0  26  20  23  34  41  39  46  55  36  38  62  29
  29  36  50  54  52  59  61  50  47  36  28  45  33  22  19  32  41  26   0  14  37  33  27  23  27  34  13  13  37  17
  38  46  60  64  61  69  73  61  59  49  41  58  46  35  28  31  35  20  14   0  28  25  26  23  30  39  21  25  49  13
  61  69  83  87  84  93  96  85  83  72  63  80  66  57  45  35  25  23  37  28   0  30  42  41  50  58  42  47  70  32
  48  55  69  72  69  80  85  73  74  66  60  77  65  53  48  47  43  34  33  25  30   0  24  25  34  42  32  40  61  19
  28  35  48  50  47  59  65  53  57  53  50  65  56  42  45  53  53  41  27  26  42  24   0  10  16  21  20  31  45  15
  26  33  46  50  46  58  63  51  54  48  45  61  51  37  41  50  52  39  23  23  41  25  10   0  14  22  15  26  41  12
  21  28  41  44  41  53  58  46  50  46  45  59  51  37  44  56  60  46  27  30  50  34  16  14   0  16  14  25  36  20
  16  18  30  32  28  42  48  37  44  44  46  58  52  39  50  64  68  55  34  39  58  42  21  22  16   0  21  30  32  29
  18  26  40  44  41  49  53  41  41  34  31  46  37  23  30  44  51  36  13  21  42  32  20  15  14  21   0  12  30  15
  23  30  43  47  45  51  53  42  39  29  24  40  30  16  26  43  53  38  13  25  47  40  31  26  25  30  12   0  29  24
  22  22  28  32  32  33  35  24  23  23  33  37  36  31  47  67  77  62  37  49  70  61  45  41  36  32  30  29   0  43
  30  38  52  56  53  63  67  55  56  48  42  59  48  35  34  40  42  29  17  13  32  19  15  12  20  29  15  24  43   0

   0  11  25  29  26  33  42  27  30  34  37  49  46  30  46  58  69  55  36  46  66  53  31  29  24  23  27  25  24  34
  11   0  17  21  18  25  35  20  27  33  40  48  48  34  51  64  75  61  41  52  72  58  36  34  29  23  33  30  22  40
  25  17   0  10  10  16  27  15  28  38  49  52  55  44  62  76  88  74  54  65  85  71  48  46  41  34  46  42  27  53
  29  21  10   0   9  14  25  16  32  43  54  56  60  50  67  81  93  79  59  70  90  75  51  51  45  37  51  47  32  58
  26  18  10   9   0  19  30  20  33  44  53  57  60  48  66  79  90  76  57  67  87  72  48  47  42  33  48  45  32  55
  33  25  16  14  19   0  16  11  27  39  52  50  56  49  68  83  96  82  62  73  94  81  58  57  52  45  54  49  31  63
  42  35  27  25  30  16   0  15  27  39  53  48  57  53  71  87 100  86  66  79  99  88  66  64  59  53  60  53  35  69
  27  20  15  16  20  11  15   0  18  30  43  42  48  41  59  75  88  74  54  66  87  75  53  51  46  41  47  41  23  56
  30  27  28  32  33  27  27  18   0  20  34  31  37  34  52  68  83  69  49  62  83  74  55  52  48  46  45  36  20  55
  34  33  38  43  44  39  39  30  20   0  25  25  27  27  43  59  76  62  43  57  77  71  56  51  49  51  43  31  25  52
  37  40  49  54  53  52  53  43  34  25   0  31  22  20  31  48  64  51  34  48  67  64  52  47  47  52  39  25  34  45
  49  48  52  56  57  50  48  42  31  25  31   0  26  37  48  63  81  68  52  66  85  82  68  64  62  65  55  42  39  63
  46  48  55  60  60  56  57  48  37  27  22  26   0  29  36  51  69  57  42  56  73  72  61  56  56  61  48  34  40  54
  30  34  44  50  48  49  53  41  34  27  20  37  29   0  29  45  60  46  27  41  60  56  43  38  38  44  30  16  31  37
  46  51  62  67  66  68  71  59  52  43  31  48  36  29   0  29  46  33  26  36  50  53  48  44  47  57  39  28  49  38
  58  64  76  81  79  83  87  75  68  59  48  63  51  45  29   0  27  21  36  36  37  49  53  50  56  68  50  42  66  41
  69  75  88  93  90  96 100  88  83  76  64  81  69  60  46  27   0  25  47  42  29  47  55  54  62  74  59  54  78  45
  55  61  74  79  76  82  86  74  69  62  51  68  57  46  33  21  25   0  33  28  28  39  44  42  49  62  45  40  64  33
  36  41  54  59  57  62  66  54  49  43  34  52  42  27  26  36  47  33   0  27  47  43  35  31  35  46  27  20  44  26
  46  52  65  70  67  73  79  66  62  57  48  66  56  41  36  36  42  28  27   0  38  35  34  31  38  51  35  32  56  22
  66  72  85  90  87  94  99  87  83  77  67  85  73  60  50  37  29  28  47  38   0  38  48  47  56  68  54  52  75  39
  53  58  71  75  72  81  88  75  74  71  64  82  72  56  53  49  47  39  43  35  38   0  31  32  41  53  45  46  67  27
  31  36  48  51  48  58  66  53  55  56  52  68  61  43  48  53  55  44  35  34  48  31   0  15  21  30  31  35  49  21
  29  34  46  51  47  57  64  51  52  51  47  64  56  38  44  50  54  42  31  31  47  32  15   0  19  31  26  30  45  18
  24  29  41  45  42  52  59  46  48  49  47  62  56  38  47  56  62  49  35  38  56  41  21  19   0  25  25  29  40  26
  23  23  34  37  33  45  53  41  46  51  52  65  61  44  57  68  74  62  46  51  68  53  30  31  25   0  35  37  39  38
  27  33  46  51  48  54  60  47  45  43  39  55  48  30  39  50  59  45  27  35  54  45  31  26  25  35   0  20  38  25
  25  30  42  47  45  49  53  41  36  31  25  42  34  16  28  42  54  40  20  32  52  46  35  30  29  37  20   0  32  29
  24  22  27  32  32  31  35  23  20  25  34  39  40  31  49  66  78  64  44  56  75  67  49  45  40  39  38  32   0  48
  34  40  53  58  55  63  69  56  55  52  45  63  54  37  38  41  45  33  26  22  39  27  21  18  26  38  25  29  48   0

   0  38  42  30  34  28  30  44  40  42  46  38  40  34  28  52  28  48  36  38  42  36  30  34  44  50  38  52  46  36
  50   0  60  48  52  46  48  62  58  60  64  56  58  52  46  70  46  66  54  56  60  54  48  52  62  68  56  70  64  54
  62  68   0  60  64  58  60  74  70  72  76  68  70  64  58  82  58  78  66  68  72  66  60  64  74  80  68  82  76  66
  26  32  36   0  28  22  24  38  34  36  40  32  34  28  22  46  22  42  30  32  36  30  24  28  38  44  32  46  40  30
  38  44  48  36   0  34  36  50  46  48  52  44  46  40  34  58  34  54  42  44  48  42  36  40  50  56  44  58  52  42
  20  26  30  18  22   0  18  32  28  30  34  26  28  22  16  40  16  36  24  26  30  24  18  22  32  38  26  40  34  24
  26  32  36  24  28  22   0  38  34  36  40  32  34  28  22  46  22  42  30  32  36  30  24  28  38  44  32  46  40  30
  68  74  78  66  70  64  66   0  76  78  82  74  76  70  64  88  64  84  72  74  78  72  66  70  80  86  74  88  82  72
  56  62  66  54  58  52  54  68   0  66  70  62  64  58  52  76  52  72  60  62  66  60  54  58  68  74  62  76  70  60
  62  68  72  60  64  58  60  74  70   0  76  68  70  64  58  82  58  78  66  68  72  66  60  64  74  80  68  82  76  66
  74  80  84  72  76  70  72  86  82  84   0  80  82  76  70  94  70  90  78  80  84  78  72  76  86  92  80  94  88  78
  50  56  60  48  52  46  48  62  58  60  64   0  58  52  46  70  46  66  54  56  60  54  48  52  62  68  56  70  64  54
  56  62  66  54  58  52  54  68  64  66  70  62   0  58  52  76  52  72  60  62  66  60  54  58  68  74  62  76  70  60
  38  44  48  36  40  34  36  50  46  48  52  44  46   0  34  58  34  54  42  44  48  42  36  40  50  56  44  58  52  42
  20  26  30  18  22  16  18  32  28  30  34  26  28  22   0  40  16  36  24  26  30  24  18  22  32  38  26  40  34  24
  92  98 102  90  94  88  90 104 100 102 106  98 100  94  88   0  88 108  96  98 102  96  90  94 104 110  98 112 106  96
  20  26  30  18  22  16  18  32  28  30  34  26  28  22  16  40   0  36  24  26  30  24  18  22  32  38  26  40  34  24
  80  86  90  78  82  76  78  92  88  90  94  86  88  82  76 100  76   0  84  86  90  84  78  82  92  98  86 100  94  84
  44  50  54  42  46  40  42  56  52  54  58  50  52  46  40  64  40  60   0  50  54  48  42  46  56  62  50  64  58  48
  50  56  60  48  52  46  48  62  58  60  64  56  58  52  46  70  46  66  54   0  60  54  48  52  62  68  56  70  64  54
  62  68  72  60  64  58  60  74  70  72  76  68  70  64  58  82  58  78  66  68   0  66  60  64  74  80  68  82  76  66
  44  50  54  42  46  40  42  56  52  54  58  50  52  46  40  64  40  60  48  50  54   0  42  46  56  62  50  64  58  48
  26  32  36  24  28  22  24  38  34  36  40  32  34  28  22  46  22  42  30  32  36  30   0  28  38  44  32  46  40  30
  38  44  48  36  40  34  36  50  46  48  52  44  46  40  34  58  34  54  42  44  48  42  36   0  50  56  44  58  52  42
  68  74  78  66  70  64  66  80  76  78  82  74  76  70  64  88  64  84  72  74  78  72  66  70   0  86  74  88  82  72
  86  92  96  84  88  82  84  98  94  96 100  92  94  88  82 106  82 102  90  92  96  90  84  88  98   0  92 106 100  90
  50  56  60  48  52  46  48  62  58  60  64  56  58  52  46  70  46  66  54  56  60  54  48  52  62  68   0  70  64  54
  92  98 102  90  94  88  90 104 100 102 106  98 100  94  88 112  88 108  96  98 102  96  90  94 104 110  98   0 106  96
  74  80  84  72  76  70  72  86  82  84  88  80  82  76  70  94  70  90  78  80  84  78  72  76  86  92  80  94   0  78
  44  50  54  42  46  40  42  56  52  54  58  50  52  46  40  64  40  60  48  50  54  48  42  46  56  62  50  64  58   0

   0  42  36  28  40  30  28  30  36  38  34  52  38  40  26  28  36  42  40  34  46  38  40  42  36  46  48  42  40  50
  62   0  66  58  70  60  58  60  66  68  64  82  68  70  56  58  66  72  70  64  76  68  70  72  66  76  78  72  70  80
  44  54   0  40  52  42  40  42  48  50  46  64  50  52  38  40  48  54  52  46  58  50  52  54  48  58  60  54  52  62
  20  30  24   0  28  18  16  18  24  26  22  40  26  28  14  16  24  30  28  22  34  26  28  30  24  34  36  30  28  38
  56  66  60  52   0  54  52  54  60  62  58  76  62  64  50  52  60  66  64  58  70  62  64  66  60  70  72  66  64  74
  26  36  30  22  34   0  22  24  30  32  28  46  32  34  20  22  30  36  34  28  40  32  34  36  30  40  42  36  34  44
  20  30  24  16  28  18   0  18  24  26  22  40  26  28  14  16  24  30  28  22  34  26  28  30  24  34  36  30  28  38
  26  36  30  22  34  24  22   0  30  32  28  46  32  34  20  22  30  36  34  28  40  32  34  36  30  40  42  36  34  44
  44  54  48  40  52  42  40  42   0  50  46  64  50  52  38  40  48  54  52  46  58  50  52  54  48  58  60  54  52  62
  50  60  54  46  58  48  46  48  54   0  52  70  56  58  44  46  54  60  58  52  64  56  58  60  54  64  66  60  58  68
  38  48  42  34  46  36  34  36  42  44   0  58  44  46  32  34  42  48  46  40  52  44  46  48  42  52  54  48  46  56
  92 102  96  88 100  90  88  90  96  98  94   0  98 100  86  88  96 102 100  94 106  98 100 102  96 106 108 102 100 110
  50  60  54  46  58  48  46  48  54  56  52  70   0  58  44  46  54  60  58  52  64  56  58  60  54  64  66  60  58  68
  56  66  60  52  64  54  52  54  60  62  58  76  62   0  50  52  60  66  64  58  70  62  64  66  60  70  72  66  64  74
  14  24  18  10  22  12  10  12  18  20  16  34  20  22   0  10  18  24  22  16  28  20  22  24  18  28  30  24  22  32
  20  30  24  16  28  18  16  18  24  26  22  40  26  28  14   0  24  30  28  22  34  26  28  30  24  34  36  30  28  38
  44  54  48  40  52  42  40  42  48  50  46  64  50  52  38  40   0  54  52  46  58  50  52  54  48  58  60  54  52  62
  62  72  66  58  70  60  58  60  66  68  64  82  68  70  56  58  66   0  70  64  76  68  70  72  66  76  78  72  70  80
  56  66  60  52  64  54  52  54  60  62  58  76  62  64  50  52  60  66   0  58  70  62  64  66  60  70  72  66  64  74
  38  48  42  34  46  36  34  36  42  44  40  58  44  46  32  34  42  48  46   0  52  44  46  48  42  52  54  48  46  56
  74  84  78  70  82  72  70  72  78  80  76  94  80  82  68  70  78  84  82  76   0  80  82  84  78  88  90  84  82  92
  50  60  54  46  58  48  46  48  54  56  52  70  56  58  44  46  54  60  58  52  64   0  58  60  54  64  66  60  58  68
  56  66  60  52  64  54  52  54  60  62  58  76  62  64  50  52  60  66  64  58  70  62   0  66  60  70  72  66  64  74
  62  72  66  58  70  60  58  60  66  68  64  82  68  70  56  58  66  72  70  64  76  68  70   0  66  76  78  72  70  80
  44  54  48  40  52  42  40  42  48  50  46  64  50  52  38  40  48  54  52  46  58  50  52  54   0  58  60  54  52  62
  74  84  78  70  82  72  70  72  78  80  76  94  80  82  68  70  78  84  82  76  88  80  82  84  78   0  90  84  82  92
  80  90  84  76  88  78  76  78  84  86  82 100  86  88  74  76  84  90  88  82  94  86  88  90  84  94   0  90  88  98
  62  72  66  58  70  60  58  60  66  68  64  82  68  70  56  58  66  72  70  64  76  68  70  72  66  76  78   0  70  80
  56  66  60  52  64  54  52  54  60  62  58  76  62  64  50  52  60  66  64  58  70  62  64  66  60  70  72  66   0  74
  86  96  90  82  94  84  82  84  90  92  88 106  92  94  80  82  90  96  94  88 100  92  94  96  90 100 102  96  94   0

   0  30  34  36  40  22  20  32  36  38  30  32  34  36  40  28  24  36  28  42  30  34  22  34  32  28  44  38  36  40
  42   0  52  54  58  40  38  50  54  56  48  50  52  54  58  46  42  54  46  60  48  52  40  52  50  46  62  56  54  58
  54  60   0  66  70  52  50  62  66  68  60  62  64  66  70  58  54  66  58  72  60  64  52  64  62  58  74  68  66  70
  60  66  70   0  76  58  56  68  72  74  66  68  70  72  76  64  60  72  64  78  66  70  58  70  68  64  80  74  72  76
  72  78  82  84   0  70  68  80  84  86  78  80  82  84  88  76  72  84  76  90  78  82  70  82  80  76  92  86  84  88
  18  24  28  30  34   0  14  26  30  32  24  26  28  30  34  22  18  30  22  36  24  28  16  28  26  22  38  32  30  34
  12  18  22  24  28  10   0  20  24  26  18  20  22  24  28  16  12  24  16  30  18  22  10  22  20  16  32  26  24  28
  48  54  58  60  64  46  44   0  60  62  54  56  58  60  64  52  48  60  52  66  54  58  46  58  56  52  68  62  60  64
  60  66  70  72  76  58  56  68   0  74  66  68  70  72  76  64  60  72  64  78  66  70  58  70  68  64  80  74  72  76
  66  72  76  78  82  64  62  74  78   0  72  74  76  78  82  70  66  78  70  84  72  76  64  76  74  70  86  80  78  82
  42  48  52  54  58  40  38  50  54  56   0  50  52  54  58  46  42  54  46  60  48  52  40  52  50  46  62  56  54  58
  48  54  58  60  64  46  44  56  60  62  54   0  58  60  64  52  48  60  52  66  54  58  46  58  56  52  68  62  60  64
  54  60  64  66  70  52  50  62  66  68  60  62   0  66  70  58  54  66  58  72  60  64  52  64  62  58  74  68  66  70
  60  66  70  72  76  58  56  68  72  74  66  68  70   0  76  64  60  72  64  78  66  70  58  70  68  64  80  74  72  76
  72  78  82  84  88  70  68  80  84  86  78  80  82  84   0  76  72  84  76  90  78  82  70  82  80  76  92  86  84  88
  36  42  46  48  52  34  32  44  48  50  42  44  46  48  52   0  36  48  40  54  42  46  34  46  44  40  56  50  48  52
  24  30  34  36  40  22  20  32  36  38  30  32  34  36  40  28   0  36  28  42  30  34  22  34  32  28  44  38  36  40
  60  66  70  72  76  58  56  68  72  74  66  68  70  72  76  64  60   0  64  78  66  70  58  70  68  64  80  74  72  76
  36  42  46  48  52  34  32  44  48  50  42  44  46  48  52  40  36  48   0  54  42  46  34  46  44  40  56  50  48  52
  78  84  88  90  94  76  74  86  90  92  84  86  88  90  94  82  78  90  82   0  84  88  76  88  86  82  98  92  90  94
  42  48  52  54  58  40  38  50  54  56  48  50  52  54  58  46  42  54  46  60   0  52  40  52  50  46  62  56  54  58
  54  60  64  66  70  52  50  62  66  68  60  62  64  66  70  58  54  66  58  72  60   0  52  64  62  58  74  68  66  70
  18  24  28  30  34  16  14  26  30  32  24  26  28  30  34  22  18  30  22  36  24  28   0  28  26  22  38  32  30  34
  54  60  64  66  70  52  50  62  66  68  60  62  64  66  70  58  54  66  58  72  60  64  52   0  62  58  74  68  66  70
  48  54  58  60  64  46  44  56  60  62  54  56  58  60  64  52  48  60  52  66  54  58  46  58   0  52  68  62  60  64
  36  42  46  48  52  34  32  44  48  50  42  44  46  48  52  40  36  48  40  54  42  46  34  46  44   0  56  50  48  52
  84  90  94  96 100  82  80  92  96  98  90  92  94  96 100  88  84  96  88 102  90  94  82  94  92  88   0  98  96 100
  66  72  76  78  82  64  62  74  78  80  72  74  76  78  82  70  66  78  70  84  72  76  64  76  74  70  86   0  78  82
  60  66  70  72  76  58  56  68  72  74  66  68  70  72  76  64  60  72  64  78  66  70  58  70  68  64  80  74   0  76
  72  78  82  84  88  70  68  80  84  86  78  80  82  84  88  76  72  84  76  90  78  82  70  82  80  76  92  86  84   0

   0  28  34  32  30  26  24  22  32  42  32  36  42  30  46  42  38  28  34  30  22  40  36  32  36  34  30  30  32  36
  36   0  46  44  42  38  36  34  44  54  44  48  54  42  58  54  50  40  46  42  34  52  48  44  48  46  42  42  44  48
  54  58   0  62  60  56  54  52  62  72  62  66  72  60  76  72  68  58  64  60  52  70  66  62  66  64  60  60  62  66
  48  52  58   0  54  50  48  46  56  66  56  60  66  54  70  66  62  52  58  54  46  64  60  56  60  58  54  54  56  60
  42  46  52  50   0  44  42  40  50  60  50  54  60  48  64  60  56  46  52  48  40  58  54  50  54  52  48  48  50  54
  30  34  40  38  36   0  30  28  38  48  38  42  48  36  52  48  44  34  40  36  28  46  42  38  42  40  36  36  38  42
  24  28  34  32  30  26   0  22  32  42  32  36  42  30  46  42  38  28  34  30  22  40  36  32  36  34  30  30  32  36
  18  22  28  26  24  20  18   0  26  36  26  30  36  24  40  36  32  22  28  24  16  34  30  26  30  28  24  24  26  30
  48  52  58  56  54  50  48  46   0  66  56  60  66  54  70  66  62  52  58  54  46  64  60  56  60  58  54  54  56  60
  78  82  88  86  84  80  78  76  86   0  86  90  96  84 100  96  92  82  88  84  76  94  90  86  90  88  84  84  86  90
  48  52  58  56  54  50  48  46  56  66   0  60  66  54  70  66  62  52  58  54  46  64  60  56  60  58  54  54  56  60
  60  64  70  68  66  62  60  58  68  78  68   0  78  66  82  78  74  64  70  66  58  76  72  68  72  70  66  66  68  72
  78  82  88  86  84  80  78  76  86  96  86  90   0  84 100  96  92  82  88  84  76  94  90  86  90  88  84  84  86  90
  42  46  52  50  48  44  42  40  50  60  50  54  60   0  64  60  56  46  52  48  40  58  54  50  54  52  48  48  50  54
  90  94 100  98  96  92  90  88  98 108  98 102 108  96   0 108 104  94 100  96  88 106 102  98 102 100  96  96  98 102
  78  82  88  86  84  80  78  76  86  96  86  90  96  84 100   0  92  82  88  84  76  94  90  86  90  88  84  84  86  90
  66  70  76  74  72  68  66  64  74  84  74  78  84  72  88  84   0  70  76  72  64  82  78  74  78  76  72  72  74  78
  36  40  46  44  42  38  36  34  44  54  44  48  54  42  58  54  50   0  46  42  34  52  48  44  48  46  42  42  44  48
  54  58  64  62  60  56  54  52  62  72  62  66  72  60  76  72  68  58   0  60  52  70  66  62  66  64  60  60  62  66
  42  46  52  50  48  44  42  40  50  60  50  54  60  48  64  60  56  46  52   0  40  58  54  50  54  52  48  48  50  54
  18  22  28  26  24  20  18  16  26  36  26  30  36  24  40  36  32  22  28  24   0  34  30  26  30  28  24  24  26  30
  72  76  82  80  78  74  72  70  80  90  80  84  90  78  94  90  86  76  82  78  70   0  84  80  84  82  78  78  80  84
  60  64  70  68  66  62  60  58  68  78  68  72  78  66  82  78  74  64  70  66  58  76   0  68  72  70  66  66  68  72
  48  52  58  56  54  50  48  46  56  66  56  60  66  54  70  66  62  52  58  54  46  64  60   0  60  58  54  54  56  60
  60  64  70  68  66  62  60  58  68  78  68  72  78  66  82  78  74  64  70  66  58  76  72  68   0  70  66  66  68  72
  54  58  64  62  60  56  54  52  62  72  62  66  72  60  76  72  68  58  64  60  52  70  66  62  66   0  60  60  62  66
  42  46  52  50  48  44  42  40  50  60  50  54  60  48  64  60  56  46  52  48  40  58  54  50  54  52   0  48  50  54
  42  46  52  50  48  44  42  40  50  60  50  54  60  48  64  60  56  46  52  48  40  58  54  50  54  52  48   0  50  54
  48  52  58  56  54  50  48  46  56  66  56  60  66  54  70  66  62  52  58  54  46  64  60  56  60  58  54  54   0  60
  60  64  70  68  66  62  60  58  68  78  68  72  78  66  82  78  74  64  70  66  58  76  72  68  72  70  66  66  68   0