40 5

   0  40  46  79  33  52  73  28  32  66  25  27  50  27  51  57  29  65  84  55  37  25  31  25  41  33  70  40  34  29  62  77  80  47  59  42  40  27  58  60
  40   0  36  45  58  39  43  30  35  32  28  26  16  37  30  30  46  44  50  23  14  47  57  51  38  15  39   7  17  51  31  46  48  18  26  44  40  51  25  36
  46  36   0  68  62  26  52  44  28  52  35  24  41  49  28  39  42  40  68  50  40  55  58  54  30  19  51  33  29  49  43  56  59  47  52  32  25  57  44  36
  79  45  68   0  96  68  49  67  73  25  67  64  34  74  55  55  84  63  33  32  47  84  96  89  74  50  43  42  55  90  40  39  42  39  21  79  74  89  30  53
  33  58  62  96   0  68  89  42  46  82  41  43  65  39  67  74  42  81 100  69  51  25  25  29  57  49  86  56  50  39  78  93  96  61  74  56  54  30  74  76
  52  39  26  68  68   0  48  50  35  50  42  31  41  55  24  38  48  34  65  51  44  62  64  60  36  22  47  35  34  55  40  52  55  50  52  38  29  64  43  31
  73  43  52  49  89  48   0  63  58  31  59  51  35  70  35  40  71  39  43  43  48  80  87  81  59  37  25  37  46  78  23  29  32  47  39  63  56  83  29  30
  28  30  44  67  42  50  63   0  35  56  22  27  39  21  47  50  39  61  74  42  24  32  43  37  41  28  62  30  27  41  54  69  71  34  47  45  43  36  48  55
  32  35  28  73  46  35  58  35   0  58  26  16  43  38  37  46  28  49  75  51  37  42  44  40  26  21  58  34  27  35  50  65  67  46  55  25  23  44  50  45
  66  32  52  25  82  50  31  56  58   0  55  50  23  64  39  40  71  47  28  26  38  74  84  78  60  36  27  30  42  77  24  28  30  33  19  65  59  78  16  38
  25  28  35  67  41  42  59  22  26  55   0  18  37  26  40  45  31  54  71  43  26  34  42  36  32  21  57  28  21  36  49  64  67  36  47  36  34  37  45  48
  27  26  24  64  43  31  51  27  16  50  18   0  35  32  31  39  28  45  67  43  28  39  43  38  22  14  52  26  19  35  44  58  61  38  47  26  24  41  42  40
  50  16  41  34  65  41  35  39  43  23  37  35   0  47  32  31  56  44  41  16  21  57  67  61  46  22  32  13  26  61  25  38  40  18  17  52  47  61  15  35
  27  37  49  74  39  55  70  21  38  64  26  32  47   0  52  56  39  66  80  48  30  28  40  34  45  33  67  36  32  40  60  74  77  39  53  48  46  33  54  60
  51  30  28  55  67  24  35  47  37  39  40  31  32  52   0  28  50  27  53  41  37  61  66  61  38  17  36  26  29  57  28  41  44  41  41  41  34  63  31  21
  57  30  39  55  74  38  40  50  46  40  45  39  31  56  28   0  56  39  54  38  35  64  71  66  45  21  37  24  30  63  29  44  47  38  38  49  44  67  30  30
  29  46  42  84  42  48  71  39  28  71  31  28  56  39  50  56   0  61  85  60  43  37  37  34  37  32  69  43  36  28  61  76  79  53  63  35  32  39  60  56
  65  44  40  63  81  34  39  61  49  47  54  45  44  66  27  39  61   0  57  51  49  73  77  73  49  30  39  38  41  68  33  42  45  52  49  51  43  75  39  22
  84  50  68  33 100  65  43  74  75  28  71  67  41  80  53  54  85  57   0  40  53  89  99  93  74  50  37  44  57  91  36  30  33  47  31  78  72  93  30  48
  55  23  50  32  69  51  43  42  51  26  43  43  16  48  41  38  60  51  40   0  23  60  72  66  55  31  40  21  34  67  34  44  46  15  12  60  56  65  22  45
  37  14  40  47  51  44  48  24  37  38  26  28  21  30  37  35  43  49  53  23   0  42  54  48  41  21  46  15  20  50  39  53  55  16  28  47  44  47  31  44
  25  47  55  84  25  62  80  32  42  74  34  39  57  28  61  64  37  73  89  60  42   0  28  27  52  42  78  47  42  38  70  85  88  50  64  53  50  23  65  69
  31  57  58  96  25  64  87  43  44  84  42  43  67  40  66  71  37  77  99  72  54  28   0  29  55  49  86  57  51  36  78  93  96  63  76  53  51  32  75  74
  25  51  54  89  29  60  81  37  40  78  36  38  61  34  61  66  34  73  93  66  48  27  29   0  49  41  78  49  43  32  71  85  88  55  68  48  46  26  67  68
  41  38  30  74  57  36  59  41  26  60  32  22  46  45  38  45  37  49  74  55  41  52  55  49   0  21  57  34  28  44  49  63  66  47  54  30  27  52  49  44
  33  15  19  50  49  22  37  28  21  36  21  14  22  33  17  21  32  30  50  31  21  42  49  41  21   0  38  15  12  42  30  45  47  29  35  30  26  47  29  28
  70  39  51  43  86  47  25  62  58  27  57  52  32  67  36  37  69  39  37  40  46  78  86  78  57  38   0  34  43  77  19  27  29  42  33  62  56  81  23  31
  40   7  33  42  56  35  37  30  34  30  28  26  13  36  26  24  43  38  44  21  15  47  57  49  34  15  34   0  18  52  29  44  46  19  25  44  40  53  23  34
  34  17  29  55  50  34  46  27  27  42  21  19  26  32  29  30  36  41  57  34  20  42  51  43  28  12  43  18   0  44  38  53  55  29  37  37  33  47  34  37
  29  51  49  90  39  55  78  41  35  77  36  35  61  40  57  63  28  68  91  67  50  38  36  32  44  42  77  52  44   0  68  82  85  57  68  42  39  37  66  63
  62  31  43  40  78  40  23  54  50  24  49  44  25  60  28  29  61  33  36  34  39  70  78  71  49  30  19  29  38  68   0  28  30  37  30  56  49  74  19  26
  77  46  56  39  93  52  29  69  65  28  64  58  38  74  41  44  76  42  30  44  53  85  93  85  63  45  27  44  53  82  28   0  18  49  36  69  62  89  29  35
  80  48  59  42  96  55  32  71  67  30  67  61  40  77  44  47  79  45  33  46  55  88  96  88  66  47  29  46  55  85  30  18   0  50  37  71  64  90  31  38
  47  18  47  39  61  50  47  34  46  33  36  38  18  39  41  38  53  52  47  15  16  50  63  55  47  29  42  19  29  57  37  49  50   0  20  56  52  57  27  46
  59  26  52  21  74  52  39  47  55  19  47  47  17  53  41  38  63  49  31  12  28  64  76  68  54  35  33  25  37  68  30  36  37  20   0  64  60  71  19  44
  42  44  32  79  56  38  63  45  25  65  36  26  52  48  41  49  35  51  78  60  47  53  53  48  30  30  62  44  37  42  56  69  71  56  64   0  22  52  54  47
  40  40  25  74  54  29  56  43  23  59  34  24  47  46  34  44  32  43  72  56  44  50  51  46  27  26  56  40  33  39  49  62  64  52  60  22   0  52  51  42
  27  51  57  89  30  64  83  36  44  78  37  41  61  33  63  67  39  75  93  65  47  23  32  26  52  47  81  53  47  37  74  89  90  57  71  52  52   0  67  70
  58  25  44  30  74  43  29  48  50  16  45  42  15  54  31  30  60  39  30  22  31  65  75  67  49  29  23  23  34  66  19  29  31  27  19  54  51  67   0  32
  60  36  36  53  76  31  30  55  45  38  48  40  35  60  21  30  56  22  48  45  44  69  74  68  44  28  31  34  37  63  26  35  38  46  44  47  42  70  32   0

   0  47  44  77  31  55  63  36  35  73  32  35  57  26  59  59  28  65  77  67  43  31  37  26  37  48  72  51  41  26  67  78  75  60  74  43  45  24  67  64
  47   0  36  45  58  44  35  40  40  41  37  36  25  38  40  34  47  46  45  37  22  55  65  54  36  32  43  20  26  50  38  49  45  33  43  47  47  50  36  42
  44  36   0  61  55  24  37  47  26  54  37  27  43  43  31  36  36  35  56  57  41  56  59  50  21  29  48  39  31  41  43  52  49  55  62  28  25  49  48  35
  77  45  61   0  89  66  34  70  71  27  69  67  36  68  58  52  78  58  21  39  48  85  97  85  65  60  40  48  57  82  40  35  32  47  31  75  74  81  34  52
  31  58  55  89   0  66  74  45  44  84  43  46  67  33  70  71  36  76  88  76  52  26  26  25  48  59  83  62  52  31  78  89  86  69  84  52  54  22  78  75
  55  44  24  66  66   0  36  56  36  55  47  37  46  52  30  38  45  32  56  61  48  66  68  59  30  35  47  44  39  50  43  51  48  61  65  37  32  59  50  33
  63  35  37  34  74  36   0  61  51  28  56  49  32  59  33  32  60  29  26  45  44  76  83  72  45  42  17  38  43  65  18  20  17  50  44  54  51  70  28  24
  36  40  47  70  45  56  61   0  40  65  31  37  48  22  57  54  40  63  69  56  32  40  51  40  39  45  66  43  36  40  61  72  68  49  64  48  50  35  59  61
  35  40  26  71  44  36  51  40   0  63  31  22  48  35  43  46  25  47  66  61  41  46  48  39  20  34  58  43  32  30  53  64  60  57  68  24  26  39  57  47
  73  41  54  27  84  55  28  65  63   0  63  59  31  64  48  43  71  48  22  39  45  81  91  80  57  52  30  42  50  75  30  30  26  47  35  67  65  76  26  43
  32  37  37  69  43  47  56  31  31  63   0  27  45  26  49  48  31  55  65  56  33  41  49  38  29  37  60  40  29  34  55  66  63  50  63  38  40  35  55  53
  35  36  27  67  46  37  49  37  22  59  27   0  44  33  41  43  29  47  62  57  36  47  51  41  20  31  56  39  28  34  51  61  58  53  64  29  31  40  53  46
  57  25  43  36  67  46  32  48  48  31  45  44   0  48  42  35  57  46  36  30  29  65  75  64  44  39  36  26  35  60  32  41  37  33  34  55  54  60  26  41
  26  38  43  68  33  52  59  22  35  64  26  33  48   0  56  54  34  62  69  56  32  30  42  31  37  44  65  43  35  33  61  71  68  48  64  45  47  26  59  60
  59  40  31  58  70  30  33  57  43  48  49  41  42  56   0  32  51  29  48  55  45  69  74  64  36  34  40  39  38  56  35  44  41  56  58  44  41  62  42  27
  59  34  36  52  71  38  32  54  46  43  48  43  35  54  32   0  53  37  45  48  39  68  75  65  39  34  37  33  35  58  32  43  40  49  51  48  47  62  37  32
  28  47  36  78  36  45  60  40  25  71  31  29  57  34  51  53   0  57  74  68  45  39  39  31  29  43  67  50  39  21  62  73  70  62  74  32  33  32  65  56
  65  46  35  58  76  32  29  63  47  48  55  47  46  62  29  37  57   0  47  60  52  76  80  71  42  42  38  46  45  62  35  40  37  62  61  49  45  69  45  23
  77  45  56  21  88  56  26  69  66  22  65  62  36  69  48  45  74  47   0  44  51  87  97  86  62  57  31  47  56  80  33  23  20  52  38  71  69  82  31  44
  67  37  57  39  76  61  45  56  61  39  56  57  30  56  55  48  68  60  44   0  34  71  83  72  56  51  47  37  46  69  44  50  46  33  32  66  66  67  36  54
  43  22  41  48  52  48  44  32  41  45  33  36  29  32  45  39  45  52  51  34   0  49  61  50  38  37  49  27  28  48  45  55  51  30  44  49  50  45  41  49
  31  55  56  85  26  66  76  40  46  81  41  47  65  30  69  68  39  76  87  71  49   0  35  29  49  58  81  59  50  36  76  87  84  64  80  55  56  21  75  74
  37  65  59  97  26  68  83  51  48  91  49  51  75  42  74  75  39  80  97  83  61  35   0  30  51  64  88  68  58  33  83  94  91  76  91  54  56  29  84  78
  26  54  50  85  25  59  72  40  39  80  38  41  64  31  64  65  31  71  86  72  50  29  30   0  43  54  78  58  48  27  74  84  81  66  81  47  49  21  74  70
  37  36  21  65  48  30  45  39  20  57  29  20  44  37  36  39  29  42  62  56  38  49  51  43   0  30  53  39  29  35  48  58  55  54  63  25  26  43  52  42
  48  32  29  60  59  35  42  45  34  52  37  31  39  44  34  34  43  42  57  51  37  58  64  54  30   0  47  33  26  46  42  53  49  49  57  38  38  51  45  39
  72  43  48  40  83  47  17  66  58  30  60  56  36  65  40  37  67  38  31  47  49  81  88  78  53  47   0  43  48  72  22  26  22  53  46  61  59  76  30  33
  51  20  39  48  62  44  38  43  43  42  40  39  26  43  39  33  50  46  47  37  27  59  68  58  39  33  43   0  29  53  38  49  45  36  44  49  49  54  36  42
  41  26  31  57  52  39  43  36  32  50  29  28  35  35  38  35  39  45  56  46  28  50  58  48  29  26  48  29   0  42  44  55  51  43  53  39  39  45  44  42
  26  50  41  82  31  50  65  40  30  75  34  34  60  33  56  58  21  62  80  69  48  36  33  27  35  46  72  53  42   0  67  77  74  64  77  37  38  28  69  61
  67  38  43  40  78  43  18  61  53  30  55  51  32  61  35  32  62  35  33  44  45  76  83  74  48  42  22  38  44  67   0  29  25  50  45  57  54  71  28  30
  78  49  52  35  89  51  20  72  64  30  66  61  41  71  44  43  73  40  23  50  55  87  94  84  58  53  26  49  55  77  29   0  11  60  49  68  65  84  36  37
  75  45  49  32  86  48  17  68  60  26  63  58  37  68  41  40  70  37  20  46  51  84  91  81  55  49  22  45  51  74  25  11   0  56  45  65  62  80  33  35
  60  33  55  47  69  61  50  49  57  47  50  53  33  48  56  49  62  62  52  33  30  64  76  66  54  49  53  36  43  64  50  60  56   0  41  63  63  60  42  56
  74  43  62  31  84  65  44  64  68  35  63  64  34  64  58  51  74  61  38  32  44  80  91  81  63  57  46  44  53  77  45  49  45  41   0  72  72  75  35  55
  43  47  28  75  52  37  54  48  24  67  38  29  55  45  44  48  32  49  71  66  49  55  54  47  25  38  61  49  39  37  57  68  65  63  72   0  24  46  60  48
  45  47  25  74  54  32  51  50  26  65  40  31  54  47  41  47  33  45  69  66  50  56  56  49  26  38  59  49  39  38  54  65  62  63  72  24   0  49  60  46
  24  50  49  81  22  59  70  35  39  76  35  40  60  26  62  62  32  69  82  67  45  21  29  21  43  51  76  54  45  28  71  84  80  60  75  46  49   0  71  69
  67  36  48  34  78  50  28  59  57  26  55  53  26  59  42  37  65  45  31  36  41  75  84  74  52  45  30  36  44  69  28  36  33  42  35  60  60  71   0  39
  64  42  35  52  75  33  24  61  47  43  53  46  41  60  27  32  56  23  44  54  49  74  78  70  42  39  33  42  42  61  30  37  35  56  55  48  46  69  39   0

   0  46  37  78  20  42  66  31  29  69  25  36  54  28  56  50  21  57  80  62  44  21  22  17  38  39  67  44  39  18  64  80  76  50  67  28  34  14  61  64
  46   0  33  50  51  35  42  39  38  41  34  41  26  44  41  29  44  42  52  36  27  49  54  49  41  27  42  17  28  46  39  55  50  27  40  36  40  44  34  46
  37  33   0  62  44  11  40  42  20  50  30  28  40  45  28  27  29  27  59  52  42  46  44  41  22  20  43  32  29  33  40  54  50  45  55  13  14  39  42  35
  78  50  62   0  84  59  43  71  71  29  68  74  39  76  61  49  77  56  30  40  55  81  88  82  72  57  41  47  61  80  43  43  39  43  30  66  69  77  34  58
  20  51  44  84   0  51  75  38  36  78  34  45  62  33  65  60  27  66  89  69  51  14   9  14  47  48  76  53  48  21  73  89  85  57  75  35  41  10  70  73
  42  35  11  59  51   0  36  48  27  48  37  35  40  51  24  26  35  21  56  53  46  53  50  47  28  23  39  34  34  39  37  50  46  48  55  19  18  46  41  30
  66  42  40  43  75  36   0  63  52  31  56  57  36  68  37  30  60  28  36  47  52  73  75  70  53  40  19  38  48  64  22  29  25  47  44  46  47  67  29  31
  31  39  42  71  38  48  63   0  35  62  25  39  46  25  55  46  34  56  73  52  34  31  37  32  41  37  62  37  35  33  59  75  70  40  58  34  40  26  54  62
  29  38  20  71  36  27  52  35   0  60  25  24  46  38  41  38  19  40  70  57  43  37  34  31  22  26  54  37  31  23  51  67  62  48  62  10  16  30  52  48
  69  41  50  29  78  48  31  62  60   0  58  62  30  68  47  36  66  42  27  36  48  73  78  73  60  45  27  37  50  69  29  34  29  39  30  54  56  68  22  45
  25  34  30  68  34  37  56  25  25  58   0  29  43  29  47  40  25  48  69  52  35  32  35  30  31  29  56  34  28  27  53  69  65  41  57  24  30  26  50  54
  36  41  28  74  45  35  57  39  24  62  29   0  47  41  44  40  28  45  71  58  43  43  42  38  27  28  57  38  32  32  54  69  65  49  63  20  26  36  53  52
  54  26  40  39  62  40  36  46  46  30  43  47   0  53  42  29  53  41  42  28  33  58  63  58  48  33  34  22  36  55  32  46  41  26  30  43  46  53  23  44
  28  44  45  76  33  51  68  25  38  68  29  41  53   0  59  51  33  60  78  57  39  26  33  28  44  41  66  42  39  31  64  79  75  44  63  36  42  22  59  66
  56  41  28  61  65  24  37  55  41  47  47  44  42  59   0  26  47  24  54  53  49  62  62  58  40  28  38  35  39  51  35  49  45  49  54  32  33  55  39  30
  50  29  27  49  60  26  30  46  38  36  40  40  29  51  26   0  45  28  47  42  39  57  59  55  39  24  31  25  32  49  28  44  40  38  43  32  35  51  30  31
  21  44  29  77  27  35  60  34  19  66  25  28  53  33  47  45   0  50  78  64  47  30  25  23  31  35  63  44  38  14  60  76  72  53  68  18  23  23  60  57
  57  42  27  56  66  21  28  56  40  42  48  45  41  60  24  28  50   0  49  54  52  65  64  61  42  32  32  38  42  53  31  41  37  51  53  33  33  58  38  22
  80  52  59  30  89  56  36  73  70  27  69  71  42  78  54  47  78  49   0  46  59  84  89  84  70  55  33  47  61  79  37  32  28  49  38  63  65  79  32  51
  62  36  52  40  69  53  47  52  57  36  52  58  28  57  53  42  64  54  46   0  36  62  69  64  58  43  43  31  45  62  42  53  48  24  26  52  56  58  31  55
  44  27  42  55  51  46  52  34  43  48  35  43  33  39  49  39  47  52  59  36   0  45  52  47  45  34  50  26  32  46  48  63  58  26  43  40  45  41  41  55
  21  49  46  81  14  53  73  31  37  73  32  43  58  26  62  57  30  65  84  62  45   0  18  18  48  47  74  50  46  26  71  87  83  52  71  38  43   9  67  72
  22  54  44  88   9  50  75  37  34  78  35  42  63  33  62  59  25  64  89  69  52  18   0  16  47  50  78  56  51  20  75  91  87  61  79  34  40  14  73  73
  17  49  41  82  14  47  70  32  31  73  30  38  58  28  58  55  23  61  84  64  47  18  16   0  43  44  72  50  45  18  70  85  81  55  73  31  37  10  67  69
  38  41  22  72  47  28  53  41  22  60  31  27  48  44  40  39  31  42  70  58  45  48  47  43   0  26  53  37  32  32  50  65  61  49  61  15  20  38  51  47
  39  27  20  57  48  23  40  37  26  45  29  28  33  41  28  24  35  32  55  43  34  47  50  44  26   0  41  25  23  37  38  54  49  38  49  22  26  40  38  38
  67  42  43  41  76  39  19  62  54  27  56  57  34  66  38  31  63  32  33  43  50  74  78  72  53  41   0  37  47  65  20  29  24  44  40  47  49  67  25  34
  44  17  32  47  53  34  38  37  37  37  34  38  22  42  35  25  44  38  47  31  26  50  56  50  37  25  37   0  27  45  35  51  46  26  37  34  38  44  30  42
  39  28  29  61  48  34  48  35  31  50  28  32  36  39  39  32  38  42  61  45  32  46  51  45  32  23  47  27   0  38  45  61  56  37  50  28  32  39  42  46
  18  46  33  80  21  39  64  33  23  69  27  32  55  31  51  49  14  53  79  62  46  26  20  18  32  37  65  45  38   0  64  79  75  54  70  22  27  18  63  61
  64  39  40  43  73  37  22  59  51  29  53  54  32  64  35  28  60  31  37  42  48  71  75  70  50  38  20  35  45  64   0  34  29  43  41  45  46  64  25  33
  80  55  54  43  89  50  29  75  67  34  69  69  46  79  49  44  76  41  32  53  63  87  91  85  65  54  29  51  61  79  34   0  18  56  48  59  60  80  36  43
  76  50  50  39  85  46  25  70  62  29  65  65  41  75  45  40  72  37  28  48  58  83  87  81  61  49  24  46  56  75  29  18   0  52  44  56  57  76  33  41
  50  27  45  43  57  48  47  40  48  39  41  49  26  44  49  38  53  51  49  24  26  52  61  55  49  38  44  26  37  54  43  56  52   0  32  46  50  48  34  54
  67  40  55  30  75  55  44  58  62  30  57  63  30  63  54  43  68  53  38  26  43  71  79  73  61  49  40  37  50  70  41  48  44  32   0  57  61  65  29  55
  28  36  13  66  35  19  46  34  10  54  24  20  43  36  32  32  18  33  63  52  40  38  34  31  15  22  47  34  28  22  45  59  56  46  57   0   8  31  49  43
  34  40  14  69  41  18  47  40  16  56  30  26  46  42  33  35  23  33  65  56  45  43  40  37  20  26  49  38  32  27  46  60  57  50  61   8   0  36  51  43
  14  44  39  77  10  46  67  26  30  68  26  36  53  22  55  51  23  58  79  58  41   9  14  10  38  40  67  44  39  18  64  80  76  48  65  31  36   0  63  67
  61  34  42  34  70  41  29  54  52  22  50  53  23  59  39  30  60  38  32  31  41  67  73  67  51  38  25  30  42  63  25  36  33  34  29  49  51  63   0  40
  64  46  35  58  73  30  31  62  48  45  54  52  44  66  30  31  57  22  51  55  55  72  73  69  47  38  34  42  46  61  33  43  41  54  55  43  43  67  40   0

   0  46  41  83  29  47  71  23  29  72  22  26  52  19  49  52  26  59  81  60  42  26  28  24  25  42  69  44  37  26  60  76  81  50  65  35  41  26  66  57
  46   0  39  57  62  42  49  33  40  46  33  33  26  37  36  33  51  46  55  36  27  56  62  58  30  32  46  19  28  56  37  53  57  29  40  45  49  58  41  41
  41  39   0  72  58  21  50  39  25  58  32  23  43  41  26  34  39  34  65  55  45  56  55  53  14  28  50  37  32  46  41  55  60  50  58  25  26  56  52  33
  83  57  72   0  98  69  53  68  76  37  70  69  42  72  59  56  87  63  36  43  58  91  99  94  64  65  48  52  64  93  44  44  49  48  33  78  81  94  44  56
  29  62  58  98   0  63  87  37  43  88  38  42  67  31  65  69  39  75  97  74  56  26  22  28  41  58  85  60  53  36  76  92  97  64  80  49  55  29  82  73
  47  42  21  69  63   0  46  45  32  56  39  30  43  47  22  33  45  28  62  56  49  63  61  59  20  31  46  39  37  52  38  51  56  53  58  31  30  63  51  28
  71  49  50  53  87  46   0  60  57  39  58  52  39  64  35  37  70  35  42  50  55  83  86  82  45  48  26  43  51  77  23  30  35  52  47  58  59  84  39  29
  23  33  39  68  37  45  60   0  32  62  19  26  41  13  45  45  36  55  71  47  29  33  40  36  25  37  61  34  30  38  52  68  72  37  53  38  44  35  56  52
  29  40  25  76  43  32  57  32   0  65  24  16  46  31  36  42  26  44  73  57  43  44  42  40  11  31  58  39  31  33  49  65  69  50  62  19  25  44  59  43
  72  46  58  37  88  56  39  62  65   0  59  56  32  63  44  42  75  48  32  38  50  82  88  84  51  52  33  41  52  81  29  34  38  43  32  65  67  84  31  42
  22  33  32  70  38  39  58  19  24  59   0  18  40  19  39  41  29  49  69  49  32  36  40  36  17  31  57  33  25  34  48  64  69  40  54  30  36  37  54  46
  26  33  23  69  42  30  52  26  16  56  18   0  40  27  32  37  28  42  67  51  36  43  43  40   9  26  54  33  25  35  45  60  65  44  56  22  28  43  53  40
  52  26  43  42  67  43  39  41  46  32  40  40   0  44  35  31  58  43  43  26  31  63  69  65  35  36  36  22  34  63  28  42  46  26  28  50  53  65  28  37
  19  37  41  72  31  47  64  13  31  63  19  27  44   0  48  49  34  58  75  51  33  27  35  31  27  40  64  38  33  35  56  71  76  40  57  39  45  30  60  55
  49  36  26  59  65  22  35  45  36  44  39  32  35  48   0  25  49  23  52  48  44  64  65  62  24  28  37  32  34  56  28  42  47  46  49  36  37  64  41  20
  52  33  34  56  69  33  37  45  42  42  41  37  31  49  25   0  53  33  51  43  40  65  68  65  29  30  36  28  33  60  27  43  48  41  44  42  45  66  38  27
  26  51  39  87  39  45  70  36  26  75  29  28  58  34  49  53   0  57  84  67  50  40  36  35  23  43  70  49  41  27  61  77  82  58  71  30  35  40  70  55
  59  46  34  63  75  28  35  55  44  48  49  42  43  58  23  33  57   0  53  55  53  73  73  71  32  38  37  41  43  64  30  40  45  54  54  43  43  73  46  18
  81  55  65  36  97  62  42  71  73  32  69  67  43  75  52  51  84  53   0  46  59  91  97  93  59  60  37  49  61  89  35  30  35  51  38  72  74  93  39  46
  60  36  55  43  74  56  50  47  57  38  49  51  26  51  48  43  67  55  46   0  35  68  76  72  46  47  46  32  44  71  39  50  54  25  25  60  64  71  37  49
  42  27  45  58  56  49  55  29  43  50  32  36  31  33  44  40  50  53  59  35   0  50  58  54  32  37  52  26  30  54  44  59  63  26  41  47  52  53  46  48
  26  56  56  91  26  63  83  33  44  82  36  43  63  27  64  65  40  73  91  68  50   0  29  30  40  55  81  55  49  39  72  88  93  57  74  50  55  26  77  70
  28  62  55  99  22  61  86  40  42  88  40  43  69  35  65  68  36  73  97  76  58  29   0  29  40  59  86  62  55  34  77  93  98  67  83  47  53  32  84  72
  24  58  53  94  28  59  82  36  40  84  36  40  65  31  62  65  35  71  93  72  54  30  29   0  36  53  80  56  49  32  72  87  92  61  77  44  50  28  78  68
  25  30  14  64  41  20  45  25  11  51  17   9  35  27  24  29  23  32  59  46  32  40  40  36   0  22  48  30  23  33  39  54  59  42  52  15  20  43  49  33
  42  32  28  65  58  31  48  37  31  52  31  26  36  40  28  30  43  38  60  47  37  55  59  53  22   0  47  29  25  49  38  54  58  42  51  33  37  56  47  35
  69  46  50  48  85  46  26  61  58  33  57  54  36  64  37  36  70  37  37  46  52  81  86  80  48  47   0  40  48  76  19  28  32  47  41  57  59  82  33  30
  44  19  37  52  60  39  43  34  39  41  33  33  22  38  32  28  49  41  49  32  26  55  62  56  30  29  40   0  27  55  33  49  53  28  37  43  47  58  37  37
  37  28  32  64  53  37  51  30  31  52  25  25  34  33  34  33  41  43  61  44  30  49  55  49  23  25  48  27   0  46  41  57  61  37  48  35  39  51  47  39
  26  56  46  93  36  52  77  38  33  81  34  35  63  35  56  60  27  64  89  71  54  39  34  32  33  49  76  55  46   0  67  82  87  61  75  36  41  37  75  61
  60  37  41  44  76  38  23  52  49  29  48  45  28  56  28  27  61  30  35  39  44  72  77  72  39  38  19  33  41  67   0  29  33  42  38  51  52  75  29  25
  76  53  55  44  92  51  30  68  65  34  64  60  42  71  42  43  77  40  30  50  59  88  93  87  54  54  28  49  57  82  29   0  22  55  45  65  66  91  40  35
  81  57  60  49  97  56  35  72  69  38  69  65  46  76  47  48  82  45  35  54  63  93  98  92  59  58  32  53  61  87  33  22   0  57  47  68  69  93  43  39
  50  29  50  48  64  53  52  37  50  43  40  44  26  40  46  41  58  54  51  25  26  57  67  61  42  42  47  28  37  61  42  55  57   0  32  55  59  62  41  49
  65  40  58  33  80  58  47  53  62  32  54  56  28  57  49  44  71  54  38  25  41  74  83  77  52  51  41  37  48  75  38  45  47  32   0  64  68  77  34  48
  35  45  25  78  49  31  58  38  19  65  30  22  50  39  36  42  30  43  72  60  47  50  47  44  15  33  57  43  35  36  51  65  68  55  64   0  21  49  60  42
  41  49  26  81  55  30  59  44  25  67  36  28  53  45  37  45  35  43  74  64  52  55  53  50  20  37  59  47  39  41  52  66  69  59  68  21   0  55  63  43
  26  58  56  94  29  63  84  35  44  84  37  43  65  30  64  66  40  73  93  71  53  26  32  28  43  56  82  58  51  37  75  91  93  62  77  49  55   0  78  70
  66  41  52  44  82  51  39  56  59  31  54  53  28  60  41  38  70  46  39  37  46  77  84  78  49  47  33  37  47  75  29  40  43  41  34  60  63  78   0  38
  57  41  33  56  73  28  29  52  43  42  46  40  37  55  20  27  55  18  46  49  48  70  72  68  33  35  30  37  39  61  25  35  39  49  48  42  43  70  38   0

   0  50  45  85  34  53  63  28  34  71  31  37  62  31  47  44  30  56  80  60  45  29  33  27  42  42  60  52  38  28  59  85  82  58  69  43  44  27  64  59
  50   0  40  56  64  45  38  35  42  42  39  41  33  46  31  22  52  40  51  33  27  56  64  58  44  29  34  24  26  55  33  59  55  34  41  50  49  56  36  40
  45  40   0  71  60  24  39  41  27  54  38  31  50  50  21  23  40  28  61  52  45  56  57  53  28  25  38  42  30  45  37  61  58  55  59  30  26  54  47  32
  85  56  71   0  99  71  41  69  77  32  75  76  48  80  53  44  87  56  31  39  57  90 100  93  77  61  35  56  61  91  39  49  46  52  33  82  80  91  38  54
  34  64  60  99   0  68  78  41  47  86  46  52  76  42  62  60  42  71  95  73  58  28  26  30  57  57  75  67  53  37  74 100  97  71  83  56  57  29  79  74
  53  45  24  71  68   0  37  49  36  54  47  40  52  58  19  24  48  24  60  55  51  65  65  61  36  30  36  46  37  53  36  59  56  60  61  38  32  63  48  29
  63  38  39  41  78  37   0  54  51  27  56  52  38  65  22  18  63  21  30  39  47  75  80  74  51  37   6  40  41  68  11  28  25  49  40  55  51  74  26  20
  28  35  41  69  41  49  54   0  35  59  26  35  49  23  41  35  38  50  68  45  30  34  43  37  40  35  50  40  29  38  49  75  71  43  55  44  45  34  52  52
  34  42  27  77  47  36  51  35   0  62  31  25  54  41  32  32  28  39  70  55  44  45  45  41  26  29  47  45  30  33  46  72  68  56  64  25  26  43  55  43
  71  42  54  32  86  54  27  59  62   0  62  61  36  69  36  28  73  39  25  32  47  79  87  81  62  46  18  43  47  77  22  37  33  45  30  67  64  79  23  38
  31  39  38  75  46  47  56  26  31  62   0  30  51  32  38  34  34  47  69  50  36  40  46  40  35  32  49  42  27  37  48  74  71  49  59  39  40  39  53  49
  37  41  31  76  52  40  52  35  25  61  30   0  52  41  32  31  34  41  68  53  41  48  50  45  28  28  47  43  28  39  46  71  68  54  62  32  33  46  53  44
  62  33  50  48  76  52  38  49  54  36  51  52   0  58  35  25  64  42  44  28  36  68  76  70  54  38  29  32  37  67  29  53  49  36  34  60  58  68  28  41
  31  46  50  80  42  58  65  23  41  69  32  41  58   0  49  44  41  58  77  54  39  33  43  37  47  43  58  49  37  40  58  83  80  51  64  50  51  34  61  60
  47  31  21  53  62  19  22  41  32  36  38  32  35  49   0  11  47  14  45  42  41  61  64  59  35  22  22  34  29  52  21  45  42  48  47  38  34  59  33  16
  44  22  23  44  60  24  18  35  32  28  34  31  25  44  11   0  46  19  39  32  32  57  62  57  35  19  16  25  23  51  15  41  38  38  37  39  37  56  25  18
  30  52  40  87  42  48  63  38  28  73  34  34  64  41  47  46   0  51  80  64  50  40  38  35  37  40  58  54  39  26  57  83  80  63  72  35  35  38  65  54
  56  40  28  56  71  24  21  50  39  39  47  41  42  58  14  19  51   0  45  48  49  69  71  67  42  31  21  42  37  59  22  42  39  55  51  44  39  67  37  13
  80  51  61  31  95  60  30  68  70  25  69  68  44  77  45  39  80  45   0  40  56  88  96  90  70  54  22  51  56  85  28  33  30  53  36  74  71  88  31  42
  60  33  52  39  73  55  39  45  55  32  50  53  28  54  42  32  64  48  40   0  33  66  76  70  58  42  32  35  40  68  33  54  50  28  24  63  62  67  30  46
  45  27  45  57  58  51  47  30  44  47  36  41  36  39  41  32  50  49  56  33   0  50  60  54  46  34  40  31  28  53  40  65  61  31  42  52  52  51  41  47
  29  56  56  90  28  65  75  34  45  79  40  48  68  33  61  57  40  69  88  66  50   0  31  30  54  52  69  60  47  38  68  94  91  62  75  55  55  24  72  69
  33  64  57 100  26  65  80  43  45  87  46  50  76  43  64  62  38  71  96  76  60  31   0  30  55  57  75  68  54  34  74 100  97  73  85  53  54  31  80  72
  27  58  53  93  30  61  74  37  41  81  40  45  70  37  59  57  35  67  90  70  54  30  30   0  50  50  68  61  47  31  68  93  90  66  78  49  50  26  73  67
  42  44  28  77  57  36  51  40  26  62  35  28  54  47  35  35  37  42  70  58  46  54  55  50   0  29  46  45  31  42  45  70  67  57  63  30  30  51  54  42
  42  29  25  61  57  30  37  35  29  46  32  28  38  43  22  19  40  31  54  42  34  52  57  50  29   0  33  32  21  46  32  58  54  45  50  36  35  52  40  32
  60  34  38  35  75  36   6  50  47  18  49  47  29  58  22  16  58  21  22  32  40  69  75  68  46  33   0  37  38  67   7  26  22  44  34  54  51  72  20  21
  52  24  42  56  67  46  40  40  45  43  42  43  32  49  34  25  54  42  51  35  31  60  68  61  45  32  37   0  28  57  32  58  54  36  41  51  50  59  35  39
  38  26  30  61  53  37  41  29  30  47  27  28  37  37  29  23  39  37  56  40  28  47  54  47  31  21  38  28   0  44  36  62  58  41  48  39  38  48  41  37
  28  55  45  91  37  53  68  38  33  77  37  39  67  40  52  51  26  59  85  68  53  38  34  31  42  46  67  57  44   0  62  87  84  65  75  40  40  34  69  59
  59  33  37  39  74  36  11  49  46  22  48  46  29  58  21  15  57  22  28  33  40  68  74  68  45  32   7  32  36  62   0  32  28  44  36  53  49  70  21  21
  85  59  61  49 100  59  28  75  72  37  74  71  53  83  45  41  83  42  33  54  65  94 100  93  70  58  26  58  62  87  32   0  24  64  50  74  70  93  39  38
  82  55  58  46  97  56  25  71  68  33  71  68  49  80  42  38  80  39  30  50  61  91  97  90  67  54  22  54  58  84  28  24   0  60  46  71  67  89  36  36
  58  34  55  52  71  60  49  43  56  45  49  54  36  51  48  38  63  55  53  28  31  62  73  66  57  45  44  36  41  65  44  64  60   0  36  63  62  63  39  51
  69  41  59  33  83  61  40  55  64  30  59  62  34  64  47  37  72  51  36  24  42  75  85  78  63  50  34  41  48  75  36  50  46  36   0  70  69  76  30  48
  43  50  30  82  56  38  55  44  25  67  39  32  60  50  38  39  35  44  74  63  52  55  53  49  30  36  54  51  39  40  53  74  71  63  70   0  25  51  59  45
  44  49  26  80  57  32  51  45  26  64  40  33  58  51  34  37  35  39  71  62  52  55  54  50  30  35  51  50  38  40  49  70  67  62  69  25   0  53  58  42
  27  56  54  91  29  63  74  34  43  79  39  46  68  34  59  56  38  67  88  67  51  24  31  26  51  52  72  59  48  34  70  93  89  63  76  51  53   0  71  67
  64  36  47  38  79  48  26  52  55  23  53  53  28  61  33  25  65  37  31  30  41  72  80  73  54  40  20  35  41  69  21  39  36  39  30  59  58  71   0  33
  59  40  32  54  74  29  20  52  43  38  49  44  41  60  16  18  54  13  42  46  47  69  72  67  42  32  21  39  37  59  21  38  36  51  48  45  42  67  33   0

   0  84  76  82  84  78  74  82  68  82  74  56  70  78  84  76  66  72  76  58  76  62  80  78  82  66  74  74  82  76  78  58  82  70  82  72  82  66  82  80
 108   0 112 118 120 114 110 118 104 118 110  92 106 114 120 112 102 108 112  94 112  98 116 114 118 102 110 110 118 112 114  94 118 106 118 108 118 102 118 116
  84  96   0  94  96  90  86  94  80  94  86  68  82  90  96  88  78  84  88  70  88  74  92  90  94  78  86  86  94  88  90  70  94  82  94  84  94  78  94  92
 102 114 106   0 114 108 104 112  98 112 104  86 100 108 114 106  96 102 106  88 106  92 110 108 112  96 104 104 112 106 108  88 112 100 112 102 112  96 112 110
 108 120 112 118   0 114 110 118 104 118 110  92 106 114 120 112 102 108 112  94 112  98 116 114 118 102 110 110 118 112 114  94 118 106 118 108 118 102 118 116
  90 102  94 100 102   0  92 100  86 100  92  74  88  96 102  94  84  90  94  76  94  80  98  96 100  84  92  92 100  94  96  76 100  88 100  90 100  84 100  98
  78  90  82  88  90  84   0  88  74  88  80  62  76  84  90  82  72  78  82  64  82  68  86  84  88  72  80  80  88  82  84  64  88  76  88  78  88  72  88  86
 102 114 106 112 114 108 104   0  98 112 104  86 100 108 114 106  96 102 106  88 106  92 110 108 112  96 104 104 112 106 108  88 112 100 112 102 112  96 112 110
  60  72  64  70  72  66  62  70   0  70  62  44  58  66  72  64  54  60  64  46  64  50  68  66  70  54  62  62  70  64  66  46  70  58  70  60  70  54  70  68
 102 114 106 112 114 108 104 112  98   0 104  86 100 108 114 106  96 102 106  88 106  92 110 108 112  96 104 104 112 106 108  88 112 100 112 102 112  96 112 110
  78  90  82  88  90  84  80  88  74  88   0  62  76  84  90  82  72  78  82  64  82  68  86  84  88  72  80  80  88  82  84  64  88  76  88  78  88  72  88  86
  24  36  28  34  36  30  26  34  20  34  26   0  22  30  36  28  18  24  28  10  28  14  32  30  34  18  26  26  34  28  30  10  34  22  34  24  34  18  34  32
  66  78  70  76  78  72  68  76  62  76  68  50   0  72  78  70  60  66  70  52  70  56  74  72  76  60  68  68  76  70  72  52  76  64  76  66  76  60  76  74
  90 102  94 100 102  96  92 100  86 100  92  74  88   0 102  94  84  90  94  76  94  80  98  96 100  84  92  92 100  94  96  76 100  88 100  90 100  84 100  98
 108 120 112 118 120 114 110 118 104 118 110  92 106 114   0 112 102 108 112  94 112  98 116 114 118 102 110 110 118 112 114  94 118 106 118 108 118 102 118 116
  84  96  88  94  96  90  86  94  80  94  86  68  82  90  96   0  78  84  88  70  88  74  92  90  94  78  86  86  94  88  90  70  94  82  94  84  94  78  94  92
  54  66  58  64  66  60  56  64  50  64  56  38  52  60  66  58   0  54  58  40  58  44  62  60  64  48  56  56  64  58  60  40  64  52  64  54  64  48  64  62
  72  84  76  82  84  78  74  82  68  82  74  56  70  78  84  76  66   0  76  58  76  62  80  78  82  66  74  74  82  76  78  58  82  70  82  72  82  66  82  80
  84  96  88  94  96  90  86  94  80  94  86  68  82  90  96  88  78  84   0  70  88  74  92  90  94  78  86  86  94  88  90  70  94  82  94  84  94  78  94  92
  30  42  34  40  42  36  32  40  26  40  32  14  28  36  42  34  24  30  34   0  34  20  38  36  40  24  32  32  40  34  36  16  40  28  40  30  40  24  40  38
  84  96  88  94  96  90  86  94  80  94  86  68  82  90  96  88  78  84  88  70   0  74  92  90  94  78  86  86  94  88  90  70  94  82  94  84  94  78  94  92
  42  54  46  52  54  48  44  52  38  52  44  26  40  48  54  46  36  42  46  28  46   0  50  48  52  36  44  44  52  46  48  28  52  40  52  42  52  36  52  50
  96 108 100 106 108 102  98 106  92 106  98  80  94 102 108 100  90  96 100  82 100  86   0 102 106  90  98  98 106 100 102  82 106  94 106  96 106  90 106 104
  90 102  94 100 102  96  92 100  86 100  92  74  88  96 102  94  84  90  94  76  94  80  98   0 100  84  92  92 100  94  96  76 100  88 100  90 100  84 100  98
 102 114 106 112 114 108 104 112  98 112 104  86 100 108 114 106  96 102 106  88 106  92 110 108   0  96 104 104 112 106 108  88 112 100 112 102 112  96 112 110
  54  66  58  64  66  60  56  64  50  64  56  38  52  60  66  58  48  54  58  40  58  44  62  60  64   0  56  56  64  58  60  40  64  52  64  54  64  48  64  62
  78  90  82  88  90  84  80  88  74  88  80  62  76  84  90  82  72  78  82  64  82  68  86  84  88  72   0  80  88  82  84  64  88  76  88  78  88  72  88  86
  78  90  82  88  90  84  80  88  74  88  80  62  76  84  90  82  72  78  82  64  82  68  86  84  88  72  80   0  88  82  84  64  88  76  88  78  88  72  88  86
 102 114 106 112 114 108 104 112  98 112 104  86 100 108 114 106  96 102 106  88 106  92 110 108 112  96 104 104   0 106 108  88 112 100 112 102 112  96 112 110
  84  96  88  94  96  90  86  94  80  94  86  68  82  90  96  88  78  84  88  70  88  74  92  90  94  78  86  86  94   0  90  70  94  82  94  84  94  78  94  92
  90 102  94 100 102  96  92 100  86 100  92  74  88  96 102  94  84  90  94  76  94  80  98  96 100  84  92  92 100  94   0  76 100  88 100  90 100  84 100  98
  30  42  34  40  42  36  32  40  26  40  32  14  28  36  42  34  24  30  34  16  34  20  38  36  40  24  32  32  40  34  36   0  40  28  40  30  40  24  40  38
 102 114 106 112 114 108 104 112  98 112 104  86 100 108 114 106  96 102 106  88 106  92 110 108 112  96 104 104 112 106 108  88   0 100 112 102 112  96 112 110
  66  78  70  76  78  72  68  76  62  76  68  50  64  72  78  70  60  66  70  52  70  56  74  72  76  60  68  68  76  70  72  52  76   0  76  66  76  60  76  74
 102 114 106 112 114 108 104 112  98 112 104  86 100 108 114 106  96 102 106  88 106  92 110 108 112  96 104 104 112 106 108  88 112 100   0 102 112  96 112 110
  72  84  76  82  84  78  74  82  68  82  74  56  70  78  84  76  66  72  76  58  76  62  80  78  82  66  74  74  82  76  78  58  82  70  82   0  82  66  82  80
 102 114 106 112 114 108 104 112  98 112 104  86 100 108 114 106  96 102 106  88 106  92 110 108 112  96 104 104 112 106 108  88 112 100 112 102   0  96 112 110
  54  66  58  64  66  60  56  64  50  64  56  38  52  60  66  58  48  54  58  40  58  44  62  60  64  48  56  56  64  58  60  40  64  52  64  54  64   0  64  62
 102 114 106 112 114 108 104 112  98 112 104  86 100 108 114 106  96 102 106  88 106  92 110 108 112  96 104 104 112 106 108  88 112 100 112 102 112  96   0 110
  96 108 100 106 108 102  98 106  92 106  98  80  94 102 108 100  90  96 100  82 100  86 104 102 106  90  98  98 106 100 102  82 106  94 106  96 106  90 106   0

   0  44  68  44  54  50  48  60  54  58  58  66  66  56  64  44  70  56  52  62  62  52  62  60  62  54  52  58  62  68  68  46  58  64  72  72  68  56  58  54
  20   0  32   8  18  14  12  24  18  22  22  30  30  20  28   8  34  20  16  26  26  16  26  24  26  18  16  22  26  32  32  10  22  28  36  36  32  20  22  18
  92  80   0  80  90  86  84  96  90  94  94 102 102  92 100  80 106  92  88  98  98  88  98  96  98  90  88  94  98 104 104  82  94 100 108 108 104  92  94  90
  20   8  32   0  18  14  12  24  18  22  22  30  30  20  28   8  34  20  16  26  26  16  26  24  26  18  16  22  26  32  32  10  22  28  36  36  32  20  22  18
  50  38  62  38   0  44  42  54  48  52  52  60  60  50  58  38  64  50  46  56  56  46  56  54  56  48  46  52  56  62  62  40  52  58  66  66  62  50  52  48
  38  26  50  26  36   0  30  42  36  40  40  48  48  38  46  26  52  38  34  44  44  34  44  42  44  36  34  40  44  50  50  28  40  46  54  54  50  38  40  36
  32  20  44  20  30  26   0  36  30  34  34  42  42  32  40  20  46  32  28  38  38  28  38  36  38  30  28  34  38  44  44  22  34  40  48  48  44  32  34  30
  68  56  80  56  66  62  60   0  66  70  70  78  78  68  76  56  82  68  64  74  74  64  74  72  74  66  64  70  74  80  80  58  70  76  84  84  80  68  70  66
  50  38  62  38  48  44  42  54   0  52  52  60  60  50  58  38  64  50  46  56  56  46  56  54  56  48  46  52  56  62  62  40  52  58  66  66  62  50  52  48
  62  50  74  50  60  56  54  66  60   0  64  72  72  62  70  50  76  62  58  68  68  58  68  66  68  60  58  64  68  74  74  52  64  70  78  78  74  62  64  60
  62  50  74  50  60  56  54  66  60  64   0  72  72  62  70  50  76  62  58  68  68  58  68  66  68  60  58  64  68  74  74  52  64  70  78  78  74  62  64  60
  86  74  98  74  84  80  78  90  84  88  88   0  96  86  94  74 100  86  82  92  92  82  92  90  92  84  82  88  92  98  98  76  88  94 102 102  98  86  88  84
  86  74  98  74  84  80  78  90  84  88  88  96   0  86  94  74 100  86  82  92  92  82  92  90  92  84  82  88  92  98  98  76  88  94 102 102  98  86  88  84
  56  44  68  44  54  50  48  60  54  58  58  66  66   0  64  44  70  56  52  62  62  52  62  60  62  54  52  58  62  68  68  46  58  64  72  72  68  56  58  54
  80  68  92  68  78  74  72  84  78  82  82  90  90  80   0  68  94  80  76  86  86  76  86  84  86  78  76  82  86  92  92  70  82  88  96  96  92  80  82  78
  20   8  32   8  18  14  12  24  18  22  22  30  30  20  28   0  34  20  16  26  26  16  26  24  26  18  16  22  26  32  32  10  22  28  36  36  32  20  22  18
  98  86 110  86  96  92  90 102  96 100 100 108 108  98 106  86   0  98  94 104 104  94 104 102 104  96  94 100 104 110 110  88 100 106 114 114 110  98 100  96
  56  44  68  44  54  50  48  60  54  58  58  66  66  56  64  44  70   0  52  62  62  52  62  60  62  54  52  58  62  68  68  46  58  64  72  72  68  56  58  54
  44  32  56  32  42  38  36  48  42  46  46  54  54  44  52  32  58  44   0  50  50  40  50  48  50  42  40  46  50  56  56  34  46  52  60  60  56  44  46  42
  74  62  86  62  72  68  66  78  72  76  76  84  84  74  82  62  88  74  70   0  80  70  80  78  80  72  70  76  80  86  86  64  76  82  90  90  86  74  76  72
  74  62  86  62  72  68  66  78  72  76  76  84  84  74  82  62  88  74  70  80   0  70  80  78  80  72  70  76  80  86  86  64  76  82  90  90  86  74  76  72
  44  32  56  32  42  38  36  48  42  46  46  54  54  44  52  32  58  44  40  50  50   0  50  48  50  42  40  46  50  56  56  34  46  52  60  60  56  44  46  42
  74  62  86  62  72  68  66  78  72  76  76  84  84  74  82  62  88  74  70  80  80  70   0  78  80  72  70  76  80  86  86  64  76  82  90  90  86  74  76  72
  68  56  80  56  66  62  60  72  66  70  70  78  78  68  76  56  82  68  64  74  74  64  74   0  74  66  64  70  74  80  80  58  70  76  84  84  80  68  70  66
  74  62  86  62  72  68  66  78  72  76  76  84  84  74  82  62  88  74  70  80  80  70  80  78   0  72  70  76  80  86  86  64  76  82  90  90  86  74  76  72
  50  38  62  38  48  44  42  54  48  52  52  60  60  50  58  38  64  50  46  56  56  46  56  54  56   0  46  52  56  62  62  40  52  58  66  66  62  50  52  48
  44  32  56  32  42  38  36  48  42  46  46  54  54  44  52  32  58  44  40  50  50  40  50  48  50  42   0  46  50  56  56  34  46  52  60  60  56  44  46  42
  62  50  74  50  60  56  54  66  60  64  64  72  72  62  70  50  76  62  58  68  68  58  68  66  68  60  58   0  68  74  74  52  64  70  78  78  74  62  64  60
  74  62  86  62  72  68  66  78  72  76  76  84  84  74  82  62  88  74  70  80  80  70  80  78  80  72  70  76   0  86  86  64  76  82  90  90  86  74  76  72
  92  80 104  80  90  86  84  96  90  94  94 102 102  92 100  80 106  92  88  98  98  88  98  96  98  90  88  94  98   0 104  82  94 100 108 108 104  92  94  90
  92  80 104  80  90  86  84  96  90  94  94 102 102  92 100  80 106  92  88  98  98  88  98  96  98  90  88  94  98 104   0  82  94 100 108 108 104  92  94  90
  26  14  38  14  24  20  18  30  24  28  28  36  36  26  34  14  40  26  22  32  32  22  32  30  32  24  22  28  32  38  38   0  28  34  42  42  38  26  28  24
  62  50  74  50  60  56  54  66  60  64  64  72  72  62  70  50  76  62  58  68  68  58  68  66  68  60  58  64  68  74  74  52   0  70  78  78  74  62  64  60
  80  68  92  68  78  74  72  84  78  82  82  90  90  80  88  68  94  80  76  86  86  76  86  84  86  78  76  82  86  92  92  70  82   0  96  96  92  80  82  78
 104  92 116  92 102  98  96 108 102 106 106 114 114 104 112  92 118 104 100 110 110 100 110 108 110 102 100 106 110 116 116  94 106 112   0 120 116 104 106 102
 104  92 116  92 102  98  96 108 102 106 106 114 114 104 112  92 118 104 100 110 110 100 110 108 110 102 100 106 110 116 116  94 106 112 120   0 116 104 106 102
  92  80 104  80  90  86  84  96  90  94  94 102 102  92 100  80 106  92  88  98  98  88  98  96  98  90  88  94  98 104 104  82  94 100 108 108   0  92  94  90
  56  44  68  44  54  50  48  60  54  58  58  66  66  56  64  44  70  56  52  62  62  52  62  60  62  54  52  58  62  68  68  46  58  64  72  72  68   0  58  54
  62  50  74  50  60  56  54  66  60  64  64  72  72  62  70  50  76  62  58  68  68  58  68  66  68  60  58  64  68  74  74  52  64  70  78  78  74  62   0  60
  50  38  62  38  48  44  42  54  48  52  52  60  60  50  58  38  64  50  46  56  56  46  56  54  56  48  46  52  56  62  62  40  52  58  66  66  62  50  52   0

   0  20  22  38  24  24  24  36  28  36  40  22  40  24  38  34  30  16  26  28  24  20  22  16  24  26  22  38  26  20  34  38  16  36  30  28  24  30  22  28
  28   0  34  50  36  36  36  48  40  48  52  34  52  36  50  46  42  28  38  40  36  32  34  28  36  38  34  50  38  32  46  50  28  48  42  40  36  42  34  40
  34  38   0  56  42  42  42  54  46  54  58  40  58  42  56  52  48  34  44  46  42  38  40  34  42  44  40  56  44  38  52  56  34  54  48  46  42  48  40  46
  82  86  88   0  90  90  90 102  94 102 106  88 106  90 104 100  96  82  92  94  90  86  88  82  90  92  88 104  92  86 100 104  82 102  96  94  90  96  88  94
  40  44  46  62   0  48  48  60  52  60  64  46  64  48  62  58  54  40  50  52  48  44  46  40  48  50  46  62  50  44  58  62  40  60  54  52  48  54  46  52
  40  44  46  62  48   0  48  60  52  60  64  46  64  48  62  58  54  40  50  52  48  44  46  40  48  50  46  62  50  44  58  62  40  60  54  52  48  54  46  52
  40  44  46  62  48  48   0  60  52  60  64  46  64  48  62  58  54  40  50  52  48  44  46  40  48  50  46  62  50  44  58  62  40  60  54  52  48  54  46  52
  76  80  82  98  84  84  84   0  88  96 100  82 100  84  98  94  90  76  86  88  84  80  82  76  84  86  82  98  86  80  94  98  76  96  90  88  84  90  82  88
  52  56  58  74  60  60  60  72   0  72  76  58  76  60  74  70  66  52  62  64  60  56  58  52  60  62  58  74  62  56  70  74  52  72  66  64  60  66  58  64
  76  80  82  98  84  84  84  96  88   0 100  82 100  84  98  94  90  76  86  88  84  80  82  76  84  86  82  98  86  80  94  98  76  96  90  88  84  90  82  88
  88  92  94 110  96  96  96 108 100 108   0  94 112  96 110 106 102  88  98 100  96  92  94  88  96  98  94 110  98  92 106 110  88 108 102 100  96 102  94 100
  34  38  40  56  42  42  42  54  46  54  58   0  58  42  56  52  48  34  44  46  42  38  40  34  42  44  40  56  44  38  52  56  34  54  48  46  42  48  40  46
  88  92  94 110  96  96  96 108 100 108 112  94   0  96 110 106 102  88  98 100  96  92  94  88  96  98  94 110  98  92 106 110  88 108 102 100  96 102  94 100
  40  44  46  62  48  48  48  60  52  60  64  46  64   0  62  58  54  40  50  52  48  44  46  40  48  50  46  62  50  44  58  62  40  60  54  52  48  54  46  52
  82  86  88 104  90  90  90 102  94 102 106  88 106  90   0 100  96  82  92  94  90  86  88  82  90  92  88 104  92  86 100 104  82 102  96  94  90  96  88  94
  70  74  76  92  78  78  78  90  82  90  94  76  94  78  92   0  84  70  80  82  78  74  76  70  78  80  76  92  80  74  88  92  70  90  84  82  78  84  76  82
  58  62  64  80  66  66  66  78  70  78  82  64  82  66  80  76   0  58  68  70  66  62  64  58  66  68  64  80  68  62  76  80  58  78  72  70  66  72  64  70
  16  20  22  38  24  24  24  36  28  36  40  22  40  24  38  34  30   0  26  28  24  20  22  16  24  26  22  38  26  20  34  38  16  36  30  28  24  30  22  28
  46  50  52  68  54  54  54  66  58  66  70  52  70  54  68  64  60  46   0  58  54  50  52  46  54  56  52  68  56  50  64  68  46  66  60  58  54  60  52  58
  52  56  58  74  60  60  60  72  64  72  76  58  76  60  74  70  66  52  62   0  60  56  58  52  60  62  58  74  62  56  70  74  52  72  66  64  60  66  58  64
  40  44  46  62  48  48  48  60  52  60  64  46  64  48  62  58  54  40  50  52   0  44  46  40  48  50  46  62  50  44  58  62  40  60  54  52  48  54  46  52
  28  32  34  50  36  36  36  48  40  48  52  34  52  36  50  46  42  28  38  40  36   0  34  28  36  38  34  50  38  32  46  50  28  48  42  40  36  42  34  40
  34  38  40  56  42  42  42  54  46  54  58  40  58  42  56  52  48  34  44  46  42  38   0  34  42  44  40  56  44  38  52  56  34  54  48  46  42  48  40  46
  16  20  22  38  24  24  24  36  28  36  40  22  40  24  38  34  30  16  26  28  24  20  22   0  24  26  22  38  26  20  34  38  16  36  30  28  24  30  22  28
  40  44  46  62  48  48  48  60  52  60  64  46  64  48  62  58  54  40  50  52  48  44  46  40   0  50  46  62  50  44  58  62  40  60  54  52  48  54  46  52
  46  50  52  68  54  54  54  66  58  66  70  52  70  54  68  64  60  46  56  58  54  50  52  46  54   0  52  68  56  50  64  68  46  66  60  58  54  60  52  58
  34  38  40  56  42  42  42  54  46  54  58  40  58  42  56  52  48  34  44  46  42  38  40  34  42  44   0  56  44  38  52  56  34  54  48  46  42  48  40  46
  82  86  88 104  90  90  90 102  94 102 106  88 106  90 104 100  96  82  92  94  90  86  88  82  90  92  88   0  92  86 100 104  82 102  96  94  90  96  88  94
  46  50  52  68  54  54  54  66  58  66  70  52  70  54  68  64  60  46  56  58  54  50  52  46  54  56  52  68   0  50  64  68  46  66  60  58  54  60  52  58
  28  32  34  50  36  36  36  48  40  48  52  34  52  36  50  46  42  28  38  40  36  32  34  28  36  38  34  50  38   0  46  50  28  48  42  40  36  42  34  40
  70  74  76  92  78  78  78  90  82  90  94  76  94  78  92  88  84  70  80  82  78  74  76  70  78  80  76  92  80  74   0  92  70  90  84  82  78  84  76  82
  82  86  88 104  90  90  90 102  94 102 106  88 106  90 104 100  96  82  92  94  90  86  88  82  90  92  88 104  92  86 100   0  82 102  96  94  90  96  88  94
  16  20  22  38  24  24  24  36  28  36  40  22  40  24  38  34  30  16  26  28  24  20  22  16  24  26  22  38  26  20  34  38   0  36  30  28  24  30  22  28
  76  80  82  98  84  84  84  96  88  96 100  82 100  84  98  94  90  76  86  88  84  80  82  76  84  86  82  98  86  80  94  98  76   0  90  88  84  90  82  88
  58  62  64  80  66  66  66  78  70  78  82  64  82  66  80  76  72  58  68  70  66  62  64  58  66  68  64  80  68  62  76  80  58  78   0  70  66  72  64  70
  52  56  58  74  60  60  60  72  64  72  76  58  76  60  74  70  66  52  62  64  60  56  58  52  60  62  58  74  62  56  70  74  52  72  66   0  60  66  58  64
  40  44  46  62  48  48  48  60  52  60  64  46  64  48  62  58  54  40  50  52  48  44  46  40  48  50  46  62  50  44  58  62  40  60  54  52   0  54  46  52
  58  62  64  80  66  66  66  78  70  78  82  64  82  66  80  76  72  58  68  70  66  62  64  58  66  68  64  80  68  62  76  80  58  78  72  70  66   0  64  70
  34  38  40  56  42  42  42  54  46  54  58  40  58  42  56  52  48  34  44  46  42  38  40  34  42  44  40  56  44  38  52  56  34  54  48  46  42  48   0  46
  52  56  58  74  60  60  60  72  64  72  76  58  76  60  74  70  66  52  62  64  60  56  58  52  60  62  58  74  62  56  70  74  52  72  66  64  60  66  58   0

   0  36  30  42  46  40  26  42  32  30  26  22  30  42  34  30  38  42  38  46  34  34  36  30  26  46  32  26  40  32  30  36  38  40  38  32  40  32  44  30
  60   0  66  78  82  76  62  78  68  66  62  58  66  78  70  66  74  78  74  82  70  70  72  66  62  82  68  62  76  68  66  72  74  76  74  68  76  68  80  66
  42  54   0  60  64  58  44  60  50  48  44  40  48  60  52  48  56  60  56  64  52  52  54  48  44  64  50  44  58  50  48  54  56  58  56  50  58  50  62  48
  78  90  84   0 100  94  80  96  86  84  80  76  84  96  88  84  92  96  92 100  88  88  90  84  80 100  86  80  94  86  84  90  92  94  92  86  94  86  98  84
  90 102  96 108   0 106  92 108  98  96  92  88  96 108 100  96 104 108 104 112 100 100 102  96  92 112  98  92 106  98  96 102 104 106 104  98 106  98 110  96
  72  84  78  90  94   0  74  90  80  78  74  70  78  90  82  78  86  90  86  94  82  82  84  78  74  94  80  74  88  80  78  84  86  88  86  80  88  80  92  78
  30  42  36  48  52  46   0  48  38  36  32  28  36  48  40  36  44  48  44  52  40  40  42  36  32  52  38  32  46  38  36  42  44  46  44  38  46  38  50  36
  78  90  84  96 100  94  80   0  86  84  80  76  84  96  88  84  92  96  92 100  88  88  90  84  80 100  86  80  94  86  84  90  92  94  92  86  94  86  98  84
  48  60  54  66  70  64  50  66   0  54  50  46  54  66  58  54  62  66  62  70  58  58  60  54  50  70  56  50  64  56  54  60  62  64  62  56  64  56  68  54
  42  54  48  60  64  58  44  60  50   0  44  40  48  60  52  48  56  60  56  64  52  52  54  48  44  64  50  44  58  50  48  54  56  58  56  50  58  50  62  48
  30  42  36  48  52  46  32  48  38  36   0  28  36  48  40  36  44  48  44  52  40  40  42  36  32  52  38  32  46  38  36  42  44  46  44  38  46  38  50  36
  18  30  24  36  40  34  20  36  26  24  20   0  24  36  28  24  32  36  32  40  28  28  30  24  20  40  26  20  34  26  24  30  32  34  32  26  34  26  38  24
  42  54  48  60  64  58  44  60  50  48  44  40   0  60  52  48  56  60  56  64  52  52  54  48  44  64  50  44  58  50  48  54  56  58  56  50  58  50  62  48
  78  90  84  96 100  94  80  96  86  84  80  76  84   0  88  84  92  96  92 100  88  88  90  84  80 100  86  80  94  86  84  90  92  94  92  86  94  86  98  84
  54  66  60  72  76  70  56  72  62  60  56  52  60  72   0  60  68  72  68  76  64  64  66  60  56  76  62  56  70  62  60  66  68  70  68  62  70  62  74  60
  42  54  48  60  64  58  44  60  50  48  44  40  48  60  52   0  56  60  56  64  52  52  54  48  44  64  50  44  58  50  48  54  56  58  56  50  58  50  62  48
  66  78  72  84  88  82  68  84  74  72  68  64  72  84  76  72   0  84  80  88  76  76  78  72  68  88  74  68  82  74  72  78  80  82  80  74  82  74  86  72
  78  90  84  96 100  94  80  96  86  84  80  76  84  96  88  84  92   0  92 100  88  88  90  84  80 100  86  80  94  86  84  90  92  94  92  86  94  86  98  84
  66  78  72  84  88  82  68  84  74  72  68  64  72  84  76  72  80  84   0  88  76  76  78  72  68  88  74  68  82  74  72  78  80  82  80  74  82  74  86  72
  90 102  96 108 112 106  92 108  98  96  92  88  96 108 100  96 104 108 104   0 100 100 102  96  92 112  98  92 106  98  96 102 104 106 104  98 106  98 110  96
  54  66  60  72  76  70  56  72  62  60  56  52  60  72  64  60  68  72  68  76   0  64  66  60  56  76  62  56  70  62  60  66  68  70  68  62  70  62  74  60
  54  66  60  72  76  70  56  72  62  60  56  52  60  72  64  60  68  72  68  76  64   0  66  60  56  76  62  56  70  62  60  66  68  70  68  62  70  62  74  60
  60  72  66  78  82  76  62  78  68  66  62  58  66  78  70  66  74  78  74  82  70  70   0  66  62  82  68  62  76  68  66  72  74  76  74  68  76  68  80  66
  42  54  48  60  64  58  44  60  50  48  44  40  48  60  52  48  56  60  56  64  52  52  54   0  44  64  50  44  58  50  48  54  56  58  56  50  58  50  62  48
  30  42  36  48  52  46  32  48  38  36  32  28  36  48  40  36  44  48  44  52  40  40  42  36   0  52  38  32  46  38  36  42  44  46  44  38  46  38  50  36
  90 102  96 108 112 106  92 108  98  96  92  88  96 108 100  96 104 108 104 112 100 100 102  96  92   0  98  92 106  98  96 102 104 106 104  98 106  98 110  96
  48  60  54  66  70  64  50  66  56  54  50  46  54  66  58  54  62  66  62  70  58  58  60  54  50  70   0  50  64  56  54  60  62  64  62  56  64  56  68  54
  30  42  36  48  52  46  32  48  38  36  32  28  36  48  40  36  44  48  44  52  40  40  42  36  32  52  38   0  46  38  36  42  44  46  44  38  46  38  50  36
  72  84  78  90  94  88  74  90  80  78  74  70  78  90  82  78  86  90  86  94  82  82  84  78  74  94  80  74   0  80  78  84  86  88  86  80  88  80  92  78
  48  60  54  66  70  64  50  66  56  54  50  46  54  66  58  54  62  66  62  70  58  58  60  54  50  70  56  50  64   0  54  60  62  64  62  56  64  56  68  54
  42  54  48  60  64  58  44  60  50  48  44  40  48  60  52  48  56  60  56  64  52  52  54  48  44  64  50  44  58  50   0  54  56  58  56  50  58  50  62  48
  60  72  66  78  82  76  62  78  68  66  62  58  66  78  70  66  74  78  74  82  70  70  72  66  62  82  68  62  76  68  66   0  74  76  74  68  76  68  80  66
  66  78  72  84  88  82  68  84  74  72  68  64  72  84  76  72  80  84  80  88  76  76  78  72  68  88  74  68  82  74  72  78   0  82  80  74  82  74  86  72
  72  84  78  90  94  88  74  90  80  78  74  70  78  90  82  78  86  90  86  94  82  82  84  78  74  94  80  74  88  80  78  84  86   0  86  80  88  80  92  78
  66  78  72  84  88  82  68  84  74  72  68  64  72  84  76  72  80  84  80  88  76  76  78  72  68  88  74  68  82  74  72  78  80  82   0  74  82  74  86  72
  48  60  54  66  70  64  50  66  56  54  50  46  54  66  58  54  62  66  62  70  58  58  60  54  50  70  56  50  64  56  54  60  62  64  62   0  64  56  68  54
  72  84  78  90  94  88  74  90  80  78  74  70  78  90  82  78  86  90  86  94  82  82  84  78  74  94  80  74  88  80  78  84  86  88  86  80   0  80  92  78
  48  60  54  66  70  64  50  66  56  54  50  46  54  66  58  54  62  66  62  70  58  58  60  54  50  70  56  50  64  56  54  60  62  64  62  56  64   0  68  54
  84  96  90 102 106 100  86 102  92  90  86  82  90 102  94  90  98 102  98 106  94  94  96  90  86 106  92  86 100  92  90  96  98 100  98  92 100  92   0  90
  42  54  48  60  64  58  44  60  50  48  44  40  48  60  52  48  56  60  56  64  52  52  54  48  44  64  50  44  58  50  48  54  56  58  56  50  58  50  62   0

   0  48  46  32  44  48  28  38  34  54  52  32  46  54  50  48  46  26  40  40  42  34  36  52  44  50  54  26  52  48  44  48  34  44  54  28  38  42  38  54
  80   0  94  80  92  96  76  86  82 102 100  80  94 102  98  96  94  74  88  88  90  82  84 100  92  98 102  74 100  96  92  96  82  92 102  76  86  90  86 102
  74  90   0  74  86  90  70  80  76  96  94  74  88  96  92  90  88  68  82  82  84  76  78  94  86  92  96  68  94  90  86  90  76  86  96  70  80  84  80  96
  32  48  46   0  44  48  28  38  34  54  52  32  46  54  50  48  46  26  40  40  42  34  36  52  44  50  54  26  52  48  44  48  34  44  54  28  38  42  38  54
  68  84  82  68   0  84  64  74  70  90  88  68  82  90  86  84  82  62  76  76  78  70  72  88  80  86  90  62  88  84  80  84  70  80  90  64  74  78  74  90
  80  96  94  80  92   0  76  86  82 102 100  80  94 102  98  96  94  74  88  88  90  82  84 100  92  98 102  74 100  96  92  96  82  92 102  76  86  90  86 102
  20  36  34  20  32  36   0  26  22  42  40  20  34  42  38  36  34  14  28  28  30  22  24  40  32  38  42  14  40  36  32  36  22  32  42  16  26  30  26  42
  50  66  64  50  62  66  46   0  52  72  70  50  64  72  68  66  64  44  58  58  60  52  54  70  62  68  72  44  70  66  62  66  52  62  72  46  56  60  56  72
  38  54  52  38  50  54  34  44   0  60  58  38  52  60  56  54  52  32  46  46  48  40  42  58  50  56  60  32  58  54  50  54  40  50  60  34  44  48  44  60
  98 114 112  98 110 114  94 104 100   0 118  98 112 120 116 114 112  92 106 106 108 100 102 118 110 116 120  92 118 114 110 114 100 110 120  94 104 108 104 120
  92 108 106  92 104 108  88  98  94 114   0  92 106 114 110 108 106  86 100 100 102  94  96 112 104 110 114  86 112 108 104 108  94 104 114  88  98 102  98 114
  32  48  46  32  44  48  28  38  34  54  52   0  46  54  50  48  46  26  40  40  42  34  36  52  44  50  54  26  52  48  44  48  34  44  54  28  38  42  38  54
  74  90  88  74  86  90  70  80  76  96  94  74   0  96  92  90  88  68  82  82  84  76  78  94  86  92  96  68  94  90  86  90  76  86  96  70  80  84  80  96
  98 114 112  98 110 114  94 104 100 120 118  98 112   0 116 114 112  92 106 106 108 100 102 118 110 116 120  92 118 114 110 114 100 110 120  94 104 108 104 120
  86 102 100  86  98 102  82  92  88 108 106  86 100 108   0 102 100  80  94  94  96  88  90 106  98 104 108  80 106 102  98 102  88  98 108  82  92  96  92 108
  80  96  94  80  92  96  76  86  82 102 100  80  94 102  98   0  94  74  88  88  90  82  84 100  92  98 102  74 100  96  92  96  82  92 102  76  86  90  86 102
  74  90  88  74  86  90  70  80  76  96  94  74  88  96  92  90   0  68  82  82  84  76  78  94  86  92  96  68  94  90  86  90  76  86  96  70  80  84  80  96
  14  30  28  14  26  30  10  20  16  36  34  14  28  36  32  30  28   0  22  22  24  16  18  34  26  32  36   8  34  30  26  30  16  26  36  10  20  24  20  36
  56  72  70  56  68  72  52  62  58  78  76  56  70  78  74  72  70  50   0  64  66  58  60  76  68  74  78  50  76  72  68  72  58  68  78  52  62  66  62  78
  56  72  70  56  68  72  52  62  58  78  76  56  70  78  74  72  70  50  64   0  66  58  60  76  68  74  78  50  76  72  68  72  58  68  78  52  62  66  62  78
  62  78  76  62  74  78  58  68  64  84  82  62  76  84  80  78  76  56  70  70   0  64  66  82  74  80  84  56  82  78  74  78  64  74  84  58  68  72  68  84
  38  54  52  38  50  54  34  44  40  60  58  38  52  60  56  54  52  32  46  46  48   0  42  58  50  56  60  32  58  54  50  54  40  50  60  34  44  48  44  60
  44  60  58  44  56  60  40  50  46  66  64  44  58  66  62  60  58  38  52  52  54  46   0  64  56  62  66  38  64  60  56  60  46  56  66  40  50  54  50  66
  92 108 106  92 104 108  88  98  94 114 112  92 106 114 110 108 106  86 100 100 102  94  96   0 104 110 114  86 112 108 104 108  94 104 114  88  98 102  98 114
  68  84  82  68  80  84  64  74  70  90  88  68  82  90  86  84  82  62  76  76  78  70  72  88   0  86  90  62  88  84  80  84  70  80  90  64  74  78  74  90
  86 102 100  86  98 102  82  92  88 108 106  86 100 108 104 102 100  80  94  94  96  88  90 106  98   0 108  80 106 102  98 102  88  98 108  82  92  96  92 108
  98 114 112  98 110 114  94 104 100 120 118  98 112 120 116 114 112  92 106 106 108 100 102 118 110 116   0  92 118 114 110 114 100 110 120  94 104 108 104 120
  14  30  28  14  26  30  10  20  16  36  34  14  28  36  32  30  28   8  22  22  24  16  18  34  26  32  36   0  34  30  26  30  16  26  36  10  20  24  20  36
  92 108 106  92 104 108  88  98  94 114 112  92 106 114 110 108 106  86 100 100 102  94  96 112 104 110 114  86   0 108 104 108  94 104 114  88  98 102  98 114
  80  96  94  80  92  96  76  86  82 102 100  80  94 102  98  96  94  74  88  88  90  82  84 100  92  98 102  74 100   0  92  96  82  92 102  76  86  90  86 102
  68  84  82  68  80  84  64  74  70  90  88  68  82  90  86  84  82  62  76  76  78  70  72  88  80  86  90  62  88  84   0  84  70  80  90  64  74  78  74  90
  80  96  94  80  92  96  76  86  82 102 100  80  94 102  98  96  94  74  88  88  90  82  84 100  92  98 102  74 100  96  92   0  82  92 102  76  86  90  86 102
  38  54  52  38  50  54  34  44  40  60  58  38  52  60  56  54  52  32  46  46  48  40  42  58  50  56  60  32  58  54  50  54   0  50  60  34  44  48  44  60
  68  84  82  68  80  84  64  74  70  90  88  68  82  90  86  84  82  62  76  76  78  70  72  88  80  86  90  62  88  84  80  84  70   0  90  64  74  78  74  90
  98 114 112  98 110 114  94 104 100 120 118  98 112 120 116 114 112  92 106 106 108 100 102 118 110 116 120  92 118 114 110 114 100 110   0  94 104 108 104 120
  20  36  34  20  32  36  16  26  22  42  40  20  34  42  38  36  34  14  28  28  30  22  24  40  32  38  42  14  40  36  32  36  22  32  42   0  26  30  26  42
  50  66  64  50  62  66  46  56  52  72  70  50  64  72  68  66  64  44  58  58  60  52  54  70  62  68  72  44  70  66  62  66  52  62  72  46   0  60  56  72
  62  78  76  62  74  78  58  68  64  84  82  62  76  84  80  78  76  56  70  70  72  64  66  82  74  80  84  56  82  78  74  78  64  74  84  58  68   0  68  84
  50  66  64  50  62  66  46  56  52  72  70  50  64  72  68  66  64  44  58  58  60  52  54  70  62  68  72  44  70  66  62  66  52  62  72  46  56  60   0  72
  98 114 112  98 110 114  94 104 100 120 118  98 112 120 116 114 112  92 106 106 108 100 102 118 110 116 120  92 118 114 110 114 100 110 120  94 104 108 104   0