45 5

   0  59  50  46  47  49  67  45  55  63  52  78  55  63  55  27  43  56  57  37  55  52  32  48  24  39  31  44  54  63  56  37  21  47  73  48  58  45  57  64  34  52  44  35  21
  59   0  34  82  88  89  70  77  35  31  52  77  91 106  94  45  48  31  34  55  64  69  66  90  67  81  71  74  48  32  28  33  60  63  69  76 100  88  63  42  46  93  83  67  54
  50  34   0  71  77  81  62  72  42  36  43  70  80  96  87  35  47  38  32  44  55  59  55  80  57  72  63  69  51  43  29  28  49  52  63  65  90  79  54  40  36  85  72  56  43
  46  82  71   0  29  58  62  68  85  82  59  73  22  50  61  53  74  84  74  52  50  41  23  35  33  51  52  69  85  91  79  65  23  43  73  27  42  43  55  77  57  57  20  17  29
  47  88  77  29   0  50  74  62  86  88  68  85  35  43  53  55  73  86  81  57  62  53  30  26  29  45  47  64  84  93  84  67  25  54  84  40  35  35  66  85  60  49  24  28  33
  49  89  81  58  50   0  95  38  79  95  83 107  64  48  26  59  63  82  89  68  83  77  51  45  34  32  35  43  73  89  87  66  40  75 103  67  47  31  86  96  67  24  53  53  47
  67  70  62  62  74  95   0  97  82  58  39  31  66  98 102  59  83  78  52  54  26  32  51  80  66  87  82  95  90  83  65  65  53  34  31  47  90  86  27  49  58  98  66  46  48
  45  77  72  68  62  38  97   0  65  86  81 108  76  65  40  54  48  69  82  66  85  81  57  59  41  40  34  27  58  75  78  56  45  77 103  74  64  47  87  90  62  42  64  61  49
  55  35  42  85  86  79  82  65   0  47  64  91  95 103  86  47  35  24  50  60  76  79  69  89  65  75  64  62  31  25  42  33  61  72  84  82  98  83  76  58  51  85  85  72  57
  63  31  36  82  88  95  58  86  47   0  45  63  90 110 102  50  60  44  24  55  56  62  66  93  71  87  78  84  61  43  33  42  62  57  56  72 104  93  54  26  49 100  83  66  55
  52  52  43  59  68  83  39  81  64  45   0  48  66  91  90  41  64  60  37  38  31  37  44  73  55  74  67  79  71  65  48  46  43  32  42  47  83  76  31  38  40  86  61  42  36
  78  77  70  73  85 107  31 108  91  63  48   0  76 109 114  70  93  86  58  66  38  43  63  92  78  99  94 107  99  90  73  75  65  46  33  58 101  98  39  52  69 110  77  57  60
  55  91  80  22  35  64  66  76  95  90  66  76   0  54  68  61  83  92  81  60  55  45  31  41  41  60  60  78  93  99  87  74  32  49  77  31  47  50  60  84  65  64  28  24  38
  63 106  96  50  43  48  98  65 103 110  91 109  54   0  45  74  85 102 101  78  85  76  52  38  44  51  56  69  96 109 103  84  45  77 107  62  30  34  89 107  80  42  46  51  54
  55  94  87  61  53  26 102  40  86 102  90 114  68  45   0  66  68  88  96  75  90  83  57  48  41  39  41  47  78  94  94  73  46  81 110  72  48  34  93 103  73  22  57  59  54
  27  45  35  53  55  59  59  54  47  50  41  70  61  74  66   0  40  46  44  30  49  49  37  59  36  52  43  52  49  53  44  27  29  43  64  50  70  58  51  51  22  65  53  39  24
  43  48  47  74  73  63  83  48  35  60  64  93  83  85  68  40   0  38  57  54  73  73  58  74  50  58  47  45  29  44  51  31  48  68  86  73  82  67  74  65  45  68  71  61  46
  56  31  38  84  86  82  78  69  24  44  60  86  92 102  88  46  38   0  45  57  71  74  67  88  64  76  65  65  37  27  38  30  59  68  79  79  98  84  71  53  47  87  83  69  54
  57  34  32  74  81  89  52  82  50  24  37  58  81 101  96  44  57  45   0  47  48  54  57  85  64  80  72  79  60  47  31  38  54  49  51  64  95  85  47  24  42  93  75  57  47
  37  55  44  52  57  68  54  66  60  55  38  66  60  78  75  30  54  57  47   0  43  42  34  61  40  58  52  63  62  63  50  38  30  36  59  44  71  62  44  51  28  71  51  35  22
  55  64  55  50  62  83  26  85  76  56  31  38  55  85  90  49  73  71  48  43   0  23  40  69  55  76  71  85  82  77  60  57  42  23  37  37  79  75  20  48  49  87  55  35  37
  52  69  59  41  53  77  32  81  79  62  37  43  45  76  83  49  73  74  54  42  23   0  33  61  49  70  66  81  83  81  65  59  36  21  44  27  70  67  28  55  49  80  46  26  32
  32  66  55  23  30  51  51  57  69  66  44  63  31  52  57  37  58  67  57  34  40  33   0  37  25  45  43  60  71  76  64  50  12  32  62  24  47  42  45  63  41  55  25  11  14
  48  90  80  35  26  45  80  59  89  93  73  92  41  38  48  59  74  88  85  61  69  61  37   0  29  42  45  61  84  94  86  69  28  59  89  46  31  29  72  89  63  43  30  34  37
  24  67  57  33  29  34  66  41  65  71  55  78  41  44  41  36  50  64  64  40  55  49  25  29   0  28  27  44  63  73  66  48  13  48  77  41  41  29  60  72  44  39  31  28  21
  39  81  72  51  45  32  87  40  75  87  74  99  60  51  39  52  58  76  80  58  76  70  45  42  28   0  27  42  68  81  78  58  31  65  94  58  48  32  77  86  57  35  46  45  38
  31  71  63  52  47  35  82  34  64  78  67  94  60  56  41  43  47  65  72  52  71  66  43  45  27  27   0  35  58  72  70  49  29  62  89  58  53  37  72  79  50  39  48  44  34
  44  74  69  69  64  43  95  27  62  84  79 107  78  69  47  52  45  65  79  63  85  81  60  61  44  42  35   0  53  70  74  52  45  75 100  73  67  50  85  86  58  47  64  60  48
  54  48  51  85  84  73  90  58  31  61  71  99  93  96  78  49  29  37  60  62  82  83  71  84  63  68  58  53   0  39  52  35  58  75  91  82  92  77  80  67  52  77  81  71  55
  63  32  43  91  93  89  83  75  25  43  65  90  99 109  94  53  44  27  47  63  77  81  76  94  73  81  72  70  39   0  41  37  66  74  82  85 105  91  76  54  54  94  90  76  61
  56  28  29  79  84  87  65  78  42  33  48  73  87 103  94  44  51  38  31  50  60  65  64  86  66  78  70  74  52  41   0  32  56  57  64  70  96  85  58  38  42  91  78  62  49
  37  33  28  65  67  66  65  56  33  42  46  75  74  84  73  27  31  30  38  38  57  59  50  69  48  58  49  52  35  37  32   0  41  53  68  62  80  67  57  48  30  72  65  52  36
  21  60  49  23  25  40  53  45  61  62  43  65  32  45  46  29  48  59  54  30  42  36  12  28  13  31  29  45  58  66  56  41   0  35  65  29  42  34  47  62  36  45  24  16  10
  47  63  52  43  54  75  34  77  72  57  32  46  49  77  81  43  68  68  49  36  23  21  32  59  48  65  62  75  75  74  57  53  35   0  45  30  71  66  27  51  43  78  47  27  28
  73  69  63  73  84 103  31 103  84  56  42  33  77 107 110  64  86  79  51  59  37  44  62  89  77  94  89 100  91  82  64  68  65  45   0  57  99  94  34  45  61 105  75  55  54
  48  76  65  27  40  67  47  74  82  72  47  58  31  62  72  50  73  79  64  44  37  27  24  46  41  58  58  73  82  85  70  62  29  30  57   0  56  55  42  66  52  69  32  14  28
  58 100  90  42  35  47  90  64  98 104  83 101  47  30  48  70  82  98  95  71  79  70  47  31  41  48  53  67  92 105  96  80  42  71  99  56   0  31  81  99  73  43  38  43  47
  45  88  79  43  35  31  86  47  83  93  76  98  50  34  34  58  67  84  85  62  75  67  42  29  29  32  37  50  77  91  85  67  34  66  94  55  31   0  77  91  63  30  39  41  40
  57  63  54  55  66  86  27  87  76  54  31  39  60  89  93  51  74  71  47  44  20  28  45  72  60  77  72  85  80  76  58  57  47  27  34  42  81  77   0  45  49  89  58  38  39
  64  42  40  77  85  96  49  90  58  26  38  52  84 107 103  51  65  53  24  51  48  55  63  89  72  86  79  86  67  54  38  48  62  51  45  66  99  91  45   0  49 100  79  60  52
  34  46  36  57  60  67  58  62  51  49  40  69  65  80  73  22  45  47  42  28  49  49  41  63  44  57  50  58  52  54  42  30  36  43  61  52  73  63  49  49   0  71  56  41  27
  52  93  85  57  49  24  98  42  85 100  86 110  64  42  22  65  68  87  93  71  87  80  55  43  39  35  39  47  77  94  91  72  45  78 105  69  43  30  89 100  71   0  53  54  50
  44  83  72  20  24  53  66  64  85  83  61  77  28  46  57  53  71  83  75  51  55  46  25  30  31  46  48  64  81  90  78  65  24  47  75  32  38  39  58  79  56  53   0  20  29
  35  67  56  17  28  53  46  61  72  66  42  57  24  51  59  39  61  69  57  35  35  26  11  34  28  45  44  60  71  76  62  52  16  27  55  14  43  41  38  60  41  54  20   0  18
  21  54  43  29  33  47  48  49  57  55  36  60  38  54  54  24  46  54  47  22  37  32  14  37  21  38  34  48  55  61  49  36  10  28  54  28  47  40  39  52  27  50  29  18   0

   0  57  49  43  40  45  68  46  57  62  52  75  47  48  56  31  44  51  59  32  53  58  39  37  30  32  28  43  54  61  50  36  34  45  68  41  47  43  56  68  32  50  37  39  33
  57   0  33  79  81  85  71  78  37  30  52  74  83  91  95  49  49  26  36  50  62  75  73  79  73  74  68  73  48  30  22  32  73  61  64  69  89  86  62  46  44  91  76  71  66
  49  33   0  69  71  78  64  74  45  36  44  68  73  82  89  40  49  34  35  40  54  66  63  70  64  66  61  69  52  42  24  28  63  51  59  59  80  78  54  45  35  84  66  61  56
  43  79  69   0  22  54  63  69  87  81  59  70  14  35  62  57  75  79  76  47  48  47  30  24  39  44  49  68  85  89  73  64  36  41  68  20  31  41  54  81  55  55  13  21  41
  40  81  71  22   0  43  72  60  85  84  65  79  24  25  51  56  71  78  80  49  57  56  34  12  32  35  41  60  81  88  75  63  35  49  76  30  21  30  62  86  55  44  14  29  42
  45  85  78  54  43   0  95  38  80  93  82 103  55  32  26  62  63  76  90  62  80  82  57  33  39  24  31  41  72  86  80  64  52  72  97  59  35  28  84  99  64  21  45  56  58
  68  71  64  63  72  95   0 100  86  59  41  30  60  85 105  65  86  75  56  51  26  40  60  71  74  82  81  96  92  83  61  66  68  34  28  42  81  86  28  55  58  98  61  52  62
  46  78  74  69  60  38 100   0  69  87  83 107  70  52  43  60  51  66  86  63  85  89  66  50  49  35  33  28  60  75  74  57  60  77 100  69  55  47  88  96  62  42  59  67  63
  57  37  45  87  85  80  86  69   0  49  67  91  90  91  90  54  39  22  55  58  77  88  79  81  74  71  64  64  34  26  39  35  77  73  82  78  90  84  78  65  52  86  81  79  72
  62  30  36  81  84  93  59  87  49   0  46  61  83  96 104  55  62  40  27  51  55  69  74  83  78  81  76  84  62  42  28  42  76  56  52  66  94  92  54  31  48  99  77  71  68
  52  52  44  59  65  82  41  83  67  46   0  46  59  77  92  46  66  56  40  34  30  44  52  63  62  68  65  79  72  64  43  46  57  31  38  41  73  75  31  43  39  85  55  47  49
  75  74  68  70  79 103  30 107  91  61  46   0  67  93 114  73  93  80  59  60  35  48  69  80  83  91  90 105  98  87  66  73  77  43  27  50  89  95  37  55  66 107  69  60  71
  47  83  73  14  24  55  60  70  90  83  59  67   0  35  65  61  80  83  79  51  49  47  34  26  43  49  53  73  89  93  77  69  41  43  68  20  32  44  55  84  59  58  17  24  46
  48  91  82  35  25  32  85  52  91  96  77  93  35   0  37  69  77  88  94  64  74  73  50  18  41  35  44  59  87  98  88  74  49  66  93  46  10  23  79 102  69  31  30  46  57
  56  95  89  62  51  26 105  43  90 104  92 114  65  37   0  73  72  86 101  73  91  92  67  40  50  35  41  49  81  95  91  75  62  82 108  68  40  35  95 110  74  23  53  66  69
  31  49  40  57  56  62  65  60  54  55  46  73  61  69  73   0  45  45  50  29  51  59  48  52  46  49  44  55  53  55  42  30  46  45  63  47  63  60  54  59  24  67  50  47  40
  44  49  49  75  71  63  86  51  39  62  66  93  80  77  72  45   0  35  61  51  73  81  67  65  58  53  46  46  31  44  47  32  63  68  83  68  73  67  75  71  45  68  66  67  60
  51  26  34  79  78  76  75  66  22  40  56  80  83  88  86  45  35   0  45  50  67  78  72  75  68  67  60  62  35  23  30  27  70  64  72  70  85  80  68  55  43  83  74  71  64
  59  36  35  76  80  90  56  86  55  27  40  59  79  94 101  50  61  45   0  45  49  63  67  77  73  76  72  81  63  48  28  40  70  50  49  60  87  86  49  31  43  94  71  64  62
  32  50  40  47  49  62  51  63  58  51  34  60  51  64  73  29  51  50  45   0  39  46  39  48  44  49  47  60  60  59  42  35  41  32  52  35  58  58  41  53  24  67  42  37  32
  53  62  54  48  57  80  26  85  77  55  30  35  49  74  91  51  73  67  49  39   0  29  47  58  61  69  68  84  82  75  54  56  55  21  32  30  68  73  19  52  47  85  48  39  49
  58  75  66  47  56  82  40  89  88  69  44  48  47  73  92  59  81  78  63  46  29   0  46  56  61  69  69  86  89  85  65  64  55  25  45  26  65  71  33  65  53  84  45  36  50
  39  73  63  30  34  57  60  66  79  74  52  69  34  50  67  48  67  72  67  39  47  46   0  32  37  44  46  65  77  80  64  55  31  36  63  23  42  46  50  73  45  59  24  21  32
  37  79  70  24  12  33  71  50  81  83  63  80  26  18  40  52  65  75  77  48  58  56  32   0  30  30  37  55  79  87  75  63  36  52  79  34  15  22  66  88  56  36  18  33  44
  30  73  64  39  32  39  74  49  74  78  62  83  43  41  50  46  58  68  73  44  61  61  37  30   0  27  30  49  69  77  66  53  32  52  78  40  36  33  65  82  48  43  30  38  39
  32  74  66  44  35  24  82  35  71  81  68  91  49  35  35  49  53  67  76  49  69  69  44  30  27   0  21  38  65  76  69  54  41  60  86  48  34  27  73  87  52  30  36  46  47
  28  68  61  49  41  31  81  33  64  76  65  90  53  44  41  44  46  60  72  47  68  69  46  37  30  21   0  34  58  70  64  48  42  60  84  51  42  35  71  83  48  37  41  48  46
  43  73  69  68  60  41  96  28  64  84  79 105  73  59  49  55  46  62  81  60  84  86  65  55  49  38  34   0  54  69  69  52  59  74  96  67  57  49  85  91  57  46  58  65  61
  54  48  52  85  81  72  92  60  34  62  72  98  89  87  81  53  31  35  63  60  82  89  77  79  69  65  58  54   0  39  48  36  73  75  88  77  83  77  81  73  52  77  76  77  69
  61  30  42  89  88  86  83  75  26  42  64  87  93  98  95  55  44  23  48  59  75  85  80  87  77  76  70  69  39   0  35  36  79  72  77  78  94  89  75  58  52  92  83  80  73
  50  22  24  73  75  80  61  74  39  28  43  66  77  88  91  42  47  30  28  42  54  65  64  75  66  69  64  69  48  35   0  29  67  53  57  61  83  81  55  40  38  87  69  64  59
  36  32  28  64  63  64  66  57  35  42  46  73  69  74  75  30  32  27  40  35  56  64  55  63  53  54  48  52  36  36  29   0  55  52  64  56  70  66  57  53  29  71  59  57  49
  34  73  63  36  35  52  68  60  77  76  57  77  41  49  62  46  63  70  70  41  55  55  31  36  32  41  42  59  73  79  67  55   0  44  71  33  42  43  57  77  45  54  28  31  33
  45  61  51  41  49  72  34  77  73  56  31  43  43  66  82  45  68  64  50  32  21  25  36  52  52  60  60  74  75  72  53  52  44   0  40  23  60  64  26  55  41  76  40  31  40
  68  64  59  68  76  97  28 100  82  52  38  27  68  93 108  63  83  72  49  52  32  45  63  79  78  86  84  96  88  77  57  64  71  40   0  48  86  90  31  47  57 101  66  57  64
  41  69  59  20  30  59  42  69  78  66  41  50  20  46  68  47  68  70  60  35  30  26  23  34  40  48  51  67  77  78  61  56  33  23  48   0  42  50  38  67  47  64  22  15  37
  47  89  80  31  21  35  81  55  90  94  73  89  32  10  40  63  73  85  87  58  68  65  42  15  36  34  42  57  83  94  83  70  42  60  86  42   0  23  74  97  65  35  25  41  53
  43  86  78  41  30  28  86  47  84  92  75  95  44  23  35  60  67  80  86  58  73  71  46  22  33  27  35  49  77  89  81  66  43  64  90  50  23   0  77  96  62  29  33  46  53
  56  62  54  54  62  84  28  88  78  54  31  37  55  79  95  54  75  68  49  41  19  33  50  66  65  73  71  85  81  75  55  57  57  26  31  38  74  77   0  50  48  88  52  43  52
  68  46  45  81  86  99  55  96  65  31  43  55  84 102 110  59  71  55  31  53  52  65  73  88  82  87  83  91  73  58  40  53  77  55  47  67  97  96  50   0  52 103  77  69  69
  32  44  35  55  55  64  58  62  52  48  39  66  59  69  74  24  45  43  43  24  47  53  45  56  48  52  48  57  52  52  38  29  45  41  57  47  65  62  48  52   0  69  49  45  39
  50  91  84  55  44  21  98  42  86  99  85 107  58  31  23  67  68  83  94  67  85  84  59  36  43  30  37  46  77  92  87  71  54  76 101  64  35  29  88 103  69   0  46  58  62
  37  76  66  13  14  45  61  59  81  77  55  69  17  30  53  50  66  74  71  42  48  45  24  18  30  36  41  58  76  83  69  59  28  40  66  22  25  33  52  77  49  46   0  21  38
  39  71  61  21  29  56  52  67  79  71  47  60  24  46  66  47  67  71  64  37  39  36  21  33  38  46  48  65  77  80  64  57  31  31  57  15  41  46  43  69  45  58  21   0  34
  33  66  56  41  42  58  62  63  72  68  49  71  46  57  69  40  60  64  62  32  49  50  32  44  39  47  46  61  69  73  59  49  33  40  64  37  53  53  52  69  39  62  38  34   0

   0  52  41  49  44  48  57  41  51  56  52  71  57  56  60  32  33  51  52  32  54  55  38  45  31  34  30  37  48  56  45  34  28  46  59  53  54  46  57  60  37  51  44  43  32
  52   0  20  80  80  83  55  68  26  19  47  65  88  94  94  45  33  21  24  45  58  67  67  82  69  71  65  62  37  20  12  25  62  57  50  76  91  84  58  33  44  87  78  70  60
  41  20   0  68  68  74  46  62  32  23  37  57  76  83  86  34  31  27  21  33  48  56  55  71  58  61  56  56  39  30  12  19  50  45  43  64  80  74  48  30  33  78  66  58  48
  49  80  68   0  28  59  54  66  83  77  61  68  26  45  68  60  66  81  71  49  51  46  31  34  42  48  53  64  81  86  70  64  32  44  61  34  40  46  57  75  62  58  22  27  42
  44  80  68  28   0  47  62  56  80  79  66  76  35  34  56  58  61  79  74  50  59  54  34  21  34  38  44  55  76  84  71  62  30  51  68  43  29  34  64  79  61  46  22  34  42
  48  83  74  59  47   0  85  34  75  88  83 100  66  41  31  64  53  77  84  63  82  80  57  42  41  27  34  36  67  82  76  63  47  74  89  72  43  32  86  92  70  23  53  61  58
  57  55  46  54  62  85   0  86  71  44  32  17  61  84 100  57  66  66  40  42  18  28  50  70  66  75  74  81  77  69  47  55  53  26  10  45  79  80  20  38  54  90  59  47  52
  41  68  62  66  56  34  86   0  58  76  78  98  75  55  42  56  35  61  74  58  81  81  60  53  45  32  30  17  49  65  64  50  49  73  86  76  57  45  84  83  62  38  61  66  57
  51  26  32  83  80  75  71  58   0  37  61  81  94  93  88  49  22  16  42  52  72  79  72  83  69  67  60  52  22  15  28  27  65  68  67  84  91  81  73  51  51  81  82  77  65
  56  19  23  77  79  88  44  76  37   0  40  51  87  98 102  50  45  34  14  45  50  60  67  85  73  77  72  72  50  31  17  34  64  51  37  72  95  89  49  17  47  94  78  69  61
  52  47  37  61  66  83  32  78  61  40   0  41  68  84  95  46  54  55  32  33  30  40  50  70  62  69  66  72  65  58  37  43  50  31  28  52  79  77  31  34  43  85  61  50  47
  71  65  57  68  76 100  17  98  81  51  41   0  73  97 114  70  78  76  48  56  32  41  64  84  80  89  88  95  88  78  57  67  67  40  14  58  92  94  34  43  67 104  72  60  66
  57  88  76  26  35  66  61  75  94  87  68  73   0  48  74  67  74  88  77  56  55  49  38  39  49  56  60  72  88  93  77  72  40  49  64  37  44  52  61  81  69  64  29  33  50
  56  94  83  45  34  41  84  55  93  98  84  97  48   0  45  74  70  92  91  68  79  74  53  30  46  41  50  57  85  97  87  76  47  71  88  62  21  30  84  98  78  36  41  54  60
  60  94  86  68  56  31 100  42  88 102  95 114  74  45   0  75  62  87  95  74  93  90  67  49  52  38  44  44  76  91  87  74  57  84 100  81  48  39  97 103  80  25  61  71  69
  32  45  34  60  58  64  57  56  49  50  46  70  67  74  75   0  33  44  42  28  51  55  46  59  46  50  45  48  46  49  36  27  39  45  53  58  69  62  54  50  28  67  56  50  38
  33  33  31  66  61  53  66  35  22  45  54  78  74  70  62  33   0  26  45  42  65  69  57  64  50  46  39  31  16  30  33  21  48  60  65  71  71  61  67  54  41  60  64  62  50
  51  21  27  81  79  77  66  61  16  34  55  76  88  92  87  44  26   0  36  48  66  73  69  81  67  67  60  54  27  16  23  23  62  63  61  80  90  81  67  45  46  82  79  73  61
  52  24  21  71  74  84  40  74  42  14  32  48  77  91  95  42  45  36   0  39  44  54  60  79  68  72  68  69  51  37  17  32  58  45  34  66  88  83  44  17  42  89  72  62  55
  32  45  33  49  50  63  42  58  52  45  33  56  56  68  74  28  42  48  39   0  39  42  37  55  44  50  48  53  53  53  36  32  34  32  42  46  64  60  41  44  28  67  48  40  30
  54  58  48  51  59  82  18  81  72  50  30  32  55  79  93  51  65  66  44  39   0  25  45  65  61  70  69  77  75  69  48  53  48  21  22  41  74  75  19  43  51  85  54  42  47
  55  67  56  46  54  80  28  81  79  60  40  41  49  74  90  55  69  73  54  42  25   0  41  60  58  67  67  76  79  76  56  58  45  22  32  34  68  70  30  53  54  81  48  36  45
  38  67  55  31  34  57  50  60  72  67  50  64  38  53  67  46  57  69  60  37  45  41   0  38  36  44  46  57  69  73  57  51  23  35  52  33  47  47  49  63  48  58  29  23  29
  45  82  71  34  21  42  70  53  83  85  70  84  39  30  49  59  64  81  79  55  65  60  38   0  34  35  42  52  76  85  73  64  33  56  73  49  25  28  70  83  64  40  28  40  46
  31  69  58  42  34  41  66  45  69  73  62  80  49  46  52  46  50  67  68  44  61  58  36  34   0  28  31  42  62  71  60  50  25  52  68  51  42  35  65  73  52  43  36  41  37
  34  71  61  48  38  27  75  32  67  77  69  89  56  41  38  50  46  67  72  50  70  67  44  35  28   0  23  32  59  71  64  52  35  61  77  60  41  30  74  79  57  31  43  50  46
  30  65  56  53  44  34  74  30  60  72  66  88  60  50  44  45  39  60  68  48  69  67  46  42  31  23   0  27  51  64  58  45  35  60  74  62  48  37  71  74  52  37  47  51  44
  37  62  56  64  55  36  81  17  52  72  72  95  72  57  44  48  31  54  69  53  77  76  57  52  42  32  27   0  42  58  58  44  47  69  81  73  58  46  80  77  56  41  59  63  54
  48  37  39  81  76  67  77  49  22  50  65  88  88  85  76  46  16  27  51  53  75  79  69  76  62  59  51  42   0  28  37  28  61  70  73  83  84  74  76  59  51  72  77  75  62
  56  20  30  86  84  82  69  65  15  31  58  78  93  97  91  49  30  16  37  53  69  76  73  85  71  71  64  58  28   0  25  29  68  68  63  85  96  87  71  45  52  88  85  79  67
  45  12  12  70  71  76  47  64  28  17  37  57  77  87  87  36  33  23  17  36  48  56  57  73  60  64  58  58  37  25   0  22  56  49  43  68  85  79  51  27  38  83  71  63  53
  34  25  19  64  62  63  55  50  27  34  43  67  72  76  74  27  21  23  32  32  53  58  51  64  50  52  45  44  28  29  22   0  46  50  52  65  74  66  55  42  31  69  63  58  45
  28  62  50  32  30  47  53  49  65  64  50  67  40  47  57  39  48  62  58  34  48  45  23  33  25  35  35  47  61  68  56  46   0  39  56  39  43  40  52  63  44  49  29  29  26
  46  57  45  44  51  74  26  73  68  51  31  40  49  71  84  45  60  63  45  32  21  22  35  56  52  61  60  69  70  68  49  50  39   0  30  34  66  66  26  46  45  76  46  34  38
  59  50  43  61  68  89  10  86  67  37  28  14  64  88 100  53  65  61  34  42  22  32  52  73  68  77  74  81  73  63  43  52  56  30   0  52  85  85  24  31  54  94  65  53  55
  53  76  64  34  43  72  45  76  84  72  52  58  37  62  81  58  71  80  66  46  41  34  33  49  51  60  62  73  83  85  68  65  39  34  52   0  55  59  45  65  58  71  35  25  42
  54  91  80  40  29  43  79  57  91  95  79  92  44  21  48  69  71  90  88  64  74  68  47  25  42  41  48  58  84  96  85  74  43  66  85  55   0  29  78  92  73  39  35  48  55
  46  84  74  46  34  32  80  45  81  89  77  94  52  30  39  62  61  81  83  60  75  70  47  28  35  30  37  46  74  87  79  66  40  66  85  59  29   0  78  88  67  30  40  50  52
  57  58  48  57  64  86  20  84  73  49  31  34  61  84  97  54  67  67  44  41  19  30  49  70  65  74  71  80  76  71  51  55  52  26  24  45  78  78   0  41  52  88  58  46  50
  60  33  30  75  79  92  38  83  51  17  34  43  81  98 103  50  54  45  17  44  43  53  63  83  73  79  74  77  59  45  27  42  63  46  31  65  92  88  41   0  50  97  77  66  61
  37  44  33  62  61  70  54  62  51  47  43  67  69  78  80  28  41  46  42  28  51  54  48  64  52  57  52  56  51  52  38  31  44  45  54  58  73  67  52  50   0  72  58  51  40
  51  87  78  58  46  23  90  38  81  94  85 104  64  36  25  67  60  82  89  67  85  81  58  40  43  31  37  41  72  88  83  69  49  76  94  71  39  30  88  97  72   0  52  61  60
  44  78  66  22  22  53  59  61  82  78  61  72  29  41  61  56  64  79  72  48  54  48  29  28  36  43  47  59  77  85  71  63  29  46  65  35  35  40  58  77  58  52   0  28  40
  43  70  58  27  34  61  47  66  77  69  50  60  33  54  71  50  62  73  62  40  42  36  23  40  41  50  51  63  75  79  63  58  29  34  53  25  48  50  46  66  51  61  28   0  34
  32  60  48  42  42  58  52  57  65  61  47  66  50  60  69  38  50  61  55  30  47  45  29  46  37  46  44  54  62  67  53  45  26  38  55  42  55  52  50  61  40  60  40  34   0

   0  61  53  54  47  45  70  43  59  70  58  81  59  67  53  37  44  59  59  36  60  60  46  45  36  35  26  41  53  64  60  42  32  56  72  55  57  46  59  66  36  46  48  48  36
  61   0  31  84  82  79  67  69  33  32  52  74  89 104  86  49  43  28  30  48  63  71  74  81  73  71  60  65  41  27  26  32  65  66  62  77  93  83  59  38  42  81  81  74  63
  53  31   0  74  72  72  60  65  41  38  44  68  79  95  80  40  43  36  29  38  55  62  64  72  64  63  53  61  45  39  28  28  55  56  57  67  84  75  51  37  33  74  71  64  53
  54  84  74   0  28  53  64  65  88  88  64  75  25  53  58  62  74  86  75  50  54  48  36  31  44  46  46  65  83  91  82  69  33  51  71  33  40  43  56  78  58  50  23  29  43
  47  82  72  28   0  40  71  54  84  89  68  82  33  41  45  59  68  83  77  50  61  55  38  17  35  35  36  55  77  88  82  66  30  57  77  41  28  30  62  81  56  37  22  35  42
  45  79  72  53  40   0  89  27  74  93  80 101  59  43  15  60  55  76  82  58  79  76  56  33  37  19  21  31  63  81  82  62  42  75  93  65  37  23  79  89  60   9  48  57  53
  70  67  60  64  71  89   0  90  81  60  40  29  65  97  95  64  79  76  49  48  26  35  60  72  73  78  72  87  84  79  64  65  59  38  25  49  84  82  24  46  55  87  65  54  58
  43  69  65  65  54  27  90   0  61  85  79 103  72  61  30  56  41  64  76  57  82  81  63  48  45  28  21  16  49  68  74  53  48  78  94  73  55  40  81  84  56  28  60  66  56
  59  33  41  88  84  74  81  61   0  50  66  90  95 103  80  53  32  23  48  55  77  83  79  82  73  67  55  55  26  22  42  34  68  77  79  85  93  80  74  56  49  75  85  81  68
  70  32  38  88  89  93  60  85  50   0  49  64  92 112  98  58  59  45  24  52  59  68  78  88  81  81  71  79  58  42  35  45  71  64  53  77 101  92  54  26  49  92  85  77  68
  58  52  44  64  68  80  40  79  66  49   0  48  67  92  85  48  62  60  36  34  33  42  55  67  64  67  59  73  67  63  49  48  51  38  38  51  79  74  30  37  39  77  62  52  48
  81  74  68  75  82 101  29 103  90  64  48   0  75 108 107  75  89  84  55  60  38  46  72  84  85  90  84  99  93  86  72  75  71  50  27  60  95  94  36  49  66  99  76  65  70
  59  89  79  25  33  59  65  72  95  92  67  75   0  54  62  67  80  91  79  55  56  49  41  34  49  52  51  71  88  96  87  75  39  54  72  34  42  47  58  82  63  54  28  33  49
  67 104  95  53  41  43  97  61 103 112  92 108  54   0  39  80  82 101  99  73  86  80  62  31  52  43  47  62  91 106 103  85  52  82 102  65  25  31  87 105  78  32  46  60  65
  53  86  80  58  45  15  95  30  80  98  85 107  62  39   0  68  61  83  90  66  87  83  63  37  45  27  28  36  69  87  90  70  49  82 101  71  39  27  87  97  67   8  53  64  61
  37  49  40  62  59  60  64  56  53  58  48  75  67  80  68   0  41  49  46  29  54  57  51  56  48  48  38  49  48  54  48  32  40  52  63  57  69  59  53  53  24  59  57  52  39
  44  43  43  74  68  55  79  41  32  59  62  89  80  82  61  41   0  35  53  47  72  75  66  65  56  48  36  36  22  39  49  30  53  71  79  74  75  62  70  61  41  56  69  68  55
  59  28  36  86  83  76  76  64  23  45  60  84  91 101  83  49  35   0  42  51  71  77  76  80  71  67  55  57  31  23  37  30  65  72  73  81  92  80  68  50  44  76  82  77  64
  59  30  29  75  77  82  49  76  48  24  36  55  79  99  90  46  53  42   0  41  48  57  66  77  71  71  62  71  54  43  30  38  60  53  45  66  89  81  44  21  39  82  74  65  57
  36  48  38  50  50  58  48  57  55  52  34  60  55  73  66  29  47  51  41   0  41  43  41  51  45  47  40  53  54  57  47  36  34  38  51  44  63  56  39  46  23  58  48  41  30
  60  63  55  54  61  79  26  82  77  59  33  38  56  86  87  54  72  71  48  41   0  27  50  62  63  68  62  78  77  74  60  58  49  28  32  40  74  72  18  46  47  77  55  44  48
  60  71  62  48  55  76  35  81  83  68  42  46  49  80  83  57  75  77  57  43  27   0  46  57  60  65  60  77  81  81  68  63  46  29  42  33  68  67  29  56  50  73  49  38  46
  46  74  64  36  38  56  60  63  79  78  55  72  41  62  63  51  66  76  66  41  50  46   0  37  40  44  41  60  73  80  71  58  26  44  64  34  49  46  50  68  46  52  32  27  32
  45  81  72  31  17  33  72  48  82  88  67  84  34  31  37  56  65  80  77  51  62  57  37   0  33  30  32  50  75  87  82  66  31  60  80  45  22  22  66  83  57  29  26  39  44
  36  73  64  44  35  37  73  45  73  81  64  85  49  52  45  48  56  71  71  45  63  60  40  33   0  25  23  42  63  75  71  54  25  58  77  49  41  31  63  75  47  34  36  42  37
  35  71  63  46  35  19  78  28  67  81  67  90  52  43  27  48  48  67  71  47  68  65  44  30  25   0  13  30  58  73  73  54  33  65  84  56  38  24  70  79  50  20  41  49  44
  26  60  53  46  36  21  72  21  55  71  59  84  51  47  28  38  36  55  62  40  62  60  41  32  23  13   0  22  47  63  64  44  30  61  78  55  42  28  64  71  42  23  42  47  39
  41  65  61  65  55  31  87  16  55  79  73  99  71  62  36  49  36  57  71  53  78  77  60  50  42  30  22   0  43  62  69  48  47  75  90  71  57  42  78  79  51  32  59  64  54
  53  41  45  83  77  63  84  49  26  58  67  93  88  91  69  48  22  31  54  54  77  81  73  75  63  58  47  43   0  33  49  33  62  77  83  82  84  71  75  62  47  64  78  77  63
  64  27  39  91  88  81  79  68  22  42  63  86  96 106  87  54  39  23  43  57  74  81  80  87  75  73  63  62  33   0  39  36  71  77  75  86  98  86  72  50  50  82  88  83  70
  60  26  28  82  82  82  64  74  42  35  49  72  87 103  90  48  49  37  30  47  60  68  71  82  71  73  64  69  49  39   0  33  63  62  59  73  91  82  56  36  40  81  78  71  60
  42  32  28  69  66  62  65  53  34  45  48  75  75  85  70  32  30  30  38  36  58  63  58  66  54  54  44  48  33  36  33   0  49  59  64  66  76  65  56  47  29  63  66  62  48
  32  65  55  33  30  42  59  48  68  71  51  71  39  52  49  40  53  65  60  34  49  46  26  31  25  33  30  47  62  71  63  49   0  45  65  37  42  36  50  65  39  40  29  30  26
  56  66  56  51  57  75  38  78  77  64  38  50  54  82  82  52  71  72  53  38  28  29  44  60  58  65  61  75  77  77  62  59  45   0  43  36  69  66  28  52  44  71  50  39  42
  72  62  57  71  77  93  25  94  79  53  38  27  72 102 101  63  79  73  45  51  32  42  64  80  77  84  78  90  83  75  59  64  65  43   0  56  90  87  28  39  55  91  71  60  61
  55  77  67  33  41  65  49  73  85  77  51  60  34  65  71  57  74  81  66  44  40  33  34  45  49  56  55  71  82  86  73  66  37  36  56   0  53  54  42  66  52  61  34  25  41
  57  93  84  40  28  37  84  55  93 101  79  95  42  25  39  69  75  92  89  63  74  68  49  22  41  38  42  57  84  98  91  76  42  69  90  53   0  25  76  94  68  30  35  49  55
  46  83  75  43  30  23  82  40  80  92  74  94  47  31  27  59  62  80  81  56  72  67  46  22  31  24  28  42  71  86  82  65  36  66  87  54  25   0  73  87  59  18  37  48  49
  59  59  51  56  62  79  24  81  74  54  30  36  58  87  87  53  70  68  44  39  18  29  50  66  63  70  64  78  75  72  56  56  50  28  28  42  76  73   0  42  46  78  57  46  49
  66  38  37  78  81  89  46  84  56  26  37  49  82 105  97  53  61  50  21  46  46  56  68  83  75  79  71  79  62  50  36  47  65  52  39  66  94  87  42   0  46  89  78  68  62
  36  42  33  58  56  60  55  56  49  49  39  66  63  78  67  24  41  44  39  23  47  50  46  57  47  50  42  51  47  50  40  29  39  44  55  52  68  59  46  46   0  59  54  48  36
  46  81  74  50  37   9  87  28  75  92  77  99  54  32   8  59  56  76  82  58  77  73  52  29  34  20  23  32  64  82  81  63  40  71  91  61  30  18  78  89  59   0  46  56  54
  48  81  71  23  22  48  65  60  85  85  62  76  28  46  53  57  69  82  74  48  55  49  32  26  36  41  42  59  78  88  78  66  29  50  71  34  35  37  57  78  54  46   0  29  40
  48  74  64  29  35  57  54  66  81  77  52  65  33  60  64  52  68  77  65  41  44  38  27  39  42  49  47  64  77  83  71  62  30  39  60  25  49  48  46  68  48  56  29   0  35
  36  63  53  43  42  53  58  56  68  68  48  70  49  65  61  39  55  64  57  30  48  46  32  44  37  44  39  54  63  70  60  48  26  42  61  41  55  49  49  62  36  54  40  35   0

   0  54  43  43  45  46  52  42  51  64  41  70  49  57  49  17  36  51  55  22  49  47  33  39  25  31  24  35  48  58  46  39  27  35  63  48  55  45  45  60  21  50  45  38  25
  54   0  30  82  89  89  58  77  34  35  44  72  88 103  91  38  44  29  35  43  61  67  70  84  71  76  67  68  45  30  21  38  69  54  62  79 100  91  54  41  36  94  87  73  61
  43  30   0  70  77  80  49  71  40  39  34  64  76  92  83  27  42  35  32  31  51  56  58  73  60  66  58  62  47  40  21  32  57  42  55  67  89  81  44  38  25  85  75  61  49
  43  82  70   0  32  60  52  70  86  88  53  70  21  49  60  48  72  84  77  42  49  41  29  31  39  48  50  65  84  91  74  72  34  36  68  32  44  48  48  78  49  60  26  25  38
  45  89  77  32   0  53  65  65  88  95  63  83  35  43  53  51  72  87  85  48  62  54  37  23  36  43  46  61  84  94  80  75  37  48  80  46  38  41  60  87  53  53  31  37  43
  46  89  80  60  53   0  85  40  80 101  77 104  63  47  25  54  61  82  92  58  82  77  57  41  40  29  33  39  72  89  82  73  51  68  98  72  49  36  79  97  59  27  59  61  56
  52  58  49  52  65  85   0  90  74  55  24  19  56  88  92  45  72  69  46  35  16  23  48  67  63  75  71  82  80  74  51  63  55  18  17  43  83  82  11  41  41  92  63  45  48
  42  77  71  70  65  40  90   0  65  91  74 104  74  63  38  48  45  68  84  55  83  80  62  54  46  36  31  22  56  74  72  62  55  69  97  78  65  51  79  90  53  44  69  68  57
  51  34  40  86  88  80  74  65   0  52  57  87  93 101  84  41  32  23  52  49  74  78  74  84  70  71  61  57  29  24  36  39  71  64  78  86  99  87  68  58  42  87  90  79  65
  64  35  39  88  95 101  55  91  52   0  41  62  91 111 103  47  60  46  29  47  57  64  74  91  79  86  78  82  62  45  30  51  75  52  53  79 108 100  49  29  43 105  91  76  66
  41  44  34  53  63  77  24  74  57  41   0  39  59  84  83  30  56  54  34  22  24  31  44  63  55  65  59  69  64  59  37  47  48  19  31  46  79  75  18  33  26  83  61  44  39
  70  72  64  70  83 104  19 104  87  62  39   0  71 104 109  61  87  82  57  52  33  39  65  84  80  92  88  99  94  86  64  78  72  35  24  59  99  99  28  49  57 109  79  61  65
  49  88  76  21  35  63  56  74  93  91  59  71   0  50  64  53  78  89  81  47  51  42  34  34  44  54  55  71  89  96  79  78  40  39  69  33  46  52  50  82  54  64  31  29  44
  57 103  92  49  43  47  88  63 101 111  84 104  50   0  41  66  80  99 101  65  81  73  55  31  47  45  51  62  92 106  95  88  53  67  99  64  29  36  79 105  69  42  49  56  60
  49  91  83  60  53  25  92  38  84 103  83 109  64  41   0  59  64  86  97  63  87  81  61  42  45  34  37  41  75  92  87  78  55  72 103  75  48  37  84 102  63  23  61  65  61
  17  38  27  48  51  54  45  48  41  47  30  61  53  66  59   0  33  41  42  15  43  44  38  50  37  44  36  43  43  48  34  29  35  31  54  50  67  58  39  47   9  63  54  42  28
  36  44  42  72  72  61  72  45  32  60  56  87  78  80  64  33   0  35  57  41  69  70  61  67  53  52  42  38  25  41  43  35  56  58  78  75  81  69  64  63  34  68  74  66  52
  51  29  35  84  87  82  69  68  23  46  54  82  89  99  86  41  35   0  46  45  68  72  71  82  68  71  61  59  34  25  31  35  68  59  72  82  98  87  62  52  37  88  87  75  61
  55  35  32  77  85  92  46  84  52  29  34  57  81 101  97  42  57  46   0  38  48  55  64  82  71  78  71  76  60  48  27  46  66  43  47  70  98  91  41  26  35  97  82  66  57
  22  43  31  42  48  58  35  55  49  47  22  52  47  65  63  15  41  45  38   0  34  34  32  49  38  47  42  51  53  55  37  37  33  21  46  41  65  59  29  44  12  66  49  35  23
  49  61  51  49  62  82  16  83  74  57  24  33  51  81  87  43  69  68  48  34   0  20  43  62  58  70  66  78  78  74  52  61  50  13  29  39  78  77  10  46  38  87  58  40  43
  47  67  56  41  54  77  23  80  78  64  31  39  42  73  81  44  70  72  55  34  20   0  37  55  53  65  62  75  80  79  58  64  45  12  37  30  70  70  19  54  39  81  50  32  39
  33  70  58  29  37  57  48  62  74  74  44  65  34  55  61  38  61  71  64  32  43  37   0  35  33  44  43  58  72  78  61  59  25  27  59  31  51  49  40  66  35  60  33  21  25
  39  84  73  31  23  41  67  54  84  91  63  84  34  31  42  50  67  82  82  49  62  55  35   0  31  35  39  53  79  90  77  72  35  48  80  47  29  30  61  86  51  42  32  38  42
  25  71  60  39  36  40  63  46  70  79  55  80  44  47  45  37  53  68  71  38  58  53  33  31   0  27  27  42  64  75  63  57  26  43  74  48  45  36  55  75  38  44  39  38  32
  31  76  66  48  43  29  75  36  71  86  65  92  54  45  34  44  52  71  78  47  70  65  44  35  27   0  21  34  63  77  69  61  38  54  85  59  46  33  66  83  45  34  48  49  43
  24  67  58  50  46  33  71  31  61  78  59  88  55  51  37  36  42  61  71  42  66  62  43  39  27  21   0  28  54  69  62  53  37  52  81  60  52  39  62  77  39  39  51  49  40
  35  68  62  65  61  39  82  22  57  82  69  99  71  62  41  43  38  59  76  51  78  75  58  53  42  34  28   0  48  66  65  55  52  64  91  74  65  51  74  83  46  46  66  64  53
  48  45  47  84  84  72  80  56  29  62  64  94  89  92  75  43  25  34  60  53  78  80  72  79  64  63  54  48   0  37  45  40  67  66  84  85  92  80  71  66  42  78  85  77  62
  58  30  40  91  94  89  74  74  24  45  59  86  96 106  92  48  41  25  48  55  74  79  78  90  75  77  69  66  37   0  34  42  75  65  75  88 105  94  67  53  44  95  94  82  68
  46  21  21  74  80  82  51  72  36  30  37  64  79  95  87  34  43  31  27  37  52  58  61  77  63  69  62  65  45  34   0  34  62  45  54  70  93  85  46  34  29  89  79  65  53
  39  38  32  72  75  73  63  62  39  51  47  78  78  88  78  29  35  35  46  37  61  64  59  72  57  61  53  55  40  42  34   0  55  49  66  70  85  75  53  52  25  78  74  63  48
  27  69  57  34  37  51  55  55  71  75  48  72  40  53  55  35  56  68  66  33  50  45  25  35  26  38  37  52  67  75  62  55   0  34  66  40  50  45  46  69  34  54  36  30  25
  35  54  42  36  48  68  18  69  64  52  19  35  39  67  72  31  58  59  43  21  13  12  27  48  43  54  52  64  66  65  45  49  34   0  33  28  66  64  13  45  28  74  46  28  30
  63  62  55  68  80  98  17  97  78  53  31  24  69  99 103  54  78  72  47  46  29  37  59  80  74  85  81  91  84  75  54  66  66  33   0  57  96  94  22  41  48 103  76  58  58
  48  79  67  32  46  72  43  78  86  79  46  59  33  64  75  50  75  82  70  41  39  30  31  47  48  59  60  74  85  88  70  70  40  28  57   0  60  62  37  69  46  74  40  24  39
  55 100  89  44  38  49  83  65  99 108  79  99  46  29  48  67  81  98  98  65  78  70  51  29  45  46  52  65  92 105  93  85  50  66  96  60   0  36  74 100  65  46  44  51  56
  45  91  81  48  41  36  82  51  87 100  75  99  52  36  37  58  69  87  91  59  77  70  49  30  36  33  39  51  80  94  85  75  45  64  94  62  36   0  72  94  57  35  47  51  51
  45  54  44  48  60  79  11  79  68  49  18  28  50  79  84  39  64  62  41  29  10  19  40  61  55  66  62  74  71  67  46  53  46  13  22  37  74  72   0  40  35  86  58  40  42
  60  41  38  78  87  97  41  90  58  29  33  49  82 105 102  47  63  52  26  44  46  54  66  86  75  83  77  83  66  53  34  52  69  45  41  69 100  94  40   0  40 102  84  67  60
  21  36  25  49  53  59  41  53  42  43  26  57  54  69  63   9  34  37  35  12  38  39  35  51  38  45  39  46  42  44  29  25  34  28  48  46  65  57  35  40   0  67  55  42  29
  50  94  85  60  53  27  92  44  87 105  83 109  64  42  23  63  68  88  97  66  87  81  60  42  44  34  39  46  78  95  89  78  54  74 103  74  46  35  86 102  67   0  59  62  59
  45  87  75  26  31  59  63  69  90  91  61  79  31  49  61  54  74  87  82  49  58  50  33  32  39  48  51  66  85  94  79  74  36  46  76  40  44  47  58  84  55  59   0  31  41
  38  73  61  25  37  61  45  68  79  76  44  61  29  56  65  42  66  75  66  35  40  32  21  38  38  49  49  64  77  82  65  63  30  28  58  24  51  51  40  67  42  62  31   0  31
  25  61  49  38  43  56  48  57  65  66  39  65  44  60  61  28  52  61  57  23  43  39  25  42  32  43  40  53  62  68  53  48  25  30  58  39  56  51  42  60  29  59  41  31   0

   0  22  34  24  40  14  40  20  38  38  20  36  24  40  32  28  30  40  28  26  34  42  34  34  20  20  24  28  40  18  34  42  38  36  34  28  26  26  36  28  28  32  32  16  26
  34   0  52  42  58  32  58  38  56  56  38  54  42  58  50  46  48  58  46  44  52  60  52  52  38  38  42  46  58  36  52  60  56  54  52  46  44  44  54  46  46  50  50  34  44
  70  76   0  78  94  68  94  74  92  92  74  90  78  94  86  82  84  94  82  80  88  96  88  88  74  74  78  82  94  72  88  96  92  90  88  82  80  80  90  82  82  86  86  70  80
  40  46  58   0  64  38  64  44  62  62  44  60  48  64  56  52  54  64  52  50  58  66  58  58  44  44  48  52  64  42  58  66  62  60  58  52  50  50  60  52  52  56  56  40  50
  88  94 106  96   0  86 112  92 110 110  92 108  96 112 104 100 102 112 100  98 106 114 106 106  92  92  96 100 112  90 106 114 110 108 106 100  98  98 108 100 100 104 104  88  98
  10  16  28  18  34   0  34  14  32  32  14  30  18  34  26  22  24  34  22  20  28  36  28  28  14  14  18  22  34  12  28  36  32  30  28  22  20  20  30  22  22  26  26  10  20
  88  94 106  96 112  86   0  92 110 110  92 108  96 112 104 100 102 112 100  98 106 114 106 106  92  92  96 100 112  90 106 114 110 108 106 100  98  98 108 100 100 104 104  88  98
  28  34  46  36  52  26  52   0  50  50  32  48  36  52  44  40  42  52  40  38  46  54  46  46  32  32  36  40  52  30  46  54  50  48  46  40  38  38  48  40  40  44  44  28  38
  82  88 100  90 106  80 106  86   0 104  86 102  90 106  98  94  96 106  94  92 100 108 100 100  86  86  90  94 106  84 100 108 104 102 100  94  92  92 102  94  94  98  98  82  92
  82  88 100  90 106  80 106  86 104   0  86 102  90 106  98  94  96 106  94  92 100 108 100 100  86  86  90  94 106  84 100 108 104 102 100  94  92  92 102  94  94  98  98  82  92
  28  34  46  36  52  26  52  32  50  50   0  48  36  52  44  40  42  52  40  38  46  54  46  46  32  32  36  40  52  30  46  54  50  48  46  40  38  38  48  40  40  44  44  28  38
  76  82  94  84 100  74 100  80  98  98  80   0  84 100  92  88  90 100  88  86  94 102  94  94  80  80  84  88 100  78  94 102  98  96  94  88  86  86  96  88  88  92  92  76  86
  40  46  58  48  64  38  64  44  62  62  44  60   0  64  56  52  54  64  52  50  58  66  58  58  44  44  48  52  64  42  58  66  62  60  58  52  50  50  60  52  52  56  56  40  50
  88  94 106  96 112  86 112  92 110 110  92 108  96   0 104 100 102 112 100  98 106 114 106 106  92  92  96 100 112  90 106 114 110 108 106 100  98  98 108 100 100 104 104  88  98
  64  70  82  72  88  62  88  68  86  86  68  84  72  88   0  76  78  88  76  74  82  90  82  82  68  68  72  76  88  66  82  90  86  84  82  76  74  74  84  76  76  80  80  64  74
  52  58  70  60  76  50  76  56  74  74  56  72  60  76  68   0  66  76  64  62  70  78  70  70  56  56  60  64  76  54  70  78  74  72  70  64  62  62  72  64  64  68  68  52  62
  58  64  76  66  82  56  82  62  80  80  62  78  66  82  74  70   0  82  70  68  76  84  76  76  62  62  66  70  82  60  76  84  80  78  76  70  68  68  78  70  70  74  74  58  68
  88  94 106  96 112  86 112  92 110 110  92 108  96 112 104 100 102   0 100  98 106 114 106 106  92  92  96 100 112  90 106 114 110 108 106 100  98  98 108 100 100 104 104  88  98
  52  58  70  60  76  50  76  56  74  74  56  72  60  76  68  64  66  76   0  62  70  78  70  70  56  56  60  64  76  54  70  78  74  72  70  64  62  62  72  64  64  68  68  52  62
  46  52  64  54  70  44  70  50  68  68  50  66  54  70  62  58  60  70  58   0  64  72  64  64  50  50  54  58  70  48  64  72  68  66  64  58  56  56  66  58  58  62  62  46  56
  70  76  88  78  94  68  94  74  92  92  74  90  78  94  86  82  84  94  82  80   0  96  88  88  74  74  78  82  94  72  88  96  92  90  88  82  80  80  90  82  82  86  86  70  80
  94 100 112 102 118  92 118  98 116 116  98 114 102 118 110 106 108 118 106 104 112   0 112 112  98  98 102 106 118  96 112 120 116 114 112 106 104 104 114 106 106 110 110  94 104
  70  76  88  78  94  68  94  74  92  92  74  90  78  94  86  82  84  94  82  80  88  96   0  88  74  74  78  82  94  72  88  96  92  90  88  82  80  80  90  82  82  86  86  70  80
  70  76  88  78  94  68  94  74  92  92  74  90  78  94  86  82  84  94  82  80  88  96  88   0  74  74  78  82  94  72  88  96  92  90  88  82  80  80  90  82  82  86  86  70  80
  28  34  46  36  52  26  52  32  50  50  32  48  36  52  44  40  42  52  40  38  46  54  46  46   0  32  36  40  52  30  46  54  50  48  46  40  38  38  48  40  40  44  44  28  38
  28  34  46  36  52  26  52  32  50  50  32  48  36  52  44  40  42  52  40  38  46  54  46  46  32   0  36  40  52  30  46  54  50  48  46  40  38  38  48  40  40  44  44  28  38
  40  46  58  48  64  38  64  44  62  62  44  60  48  64  56  52  54  64  52  50  58  66  58  58  44  44   0  52  64  42  58  66  62  60  58  52  50  50  60  52  52  56  56  40  50
  52  58  70  60  76  50  76  56  74  74  56  72  60  76  68  64  66  76  64  62  70  78  70  70  56  56  60   0  76  54  70  78  74  72  70  64  62  62  72  64  64  68  68  52  62
  88  94 106  96 112  86 112  92 110 110  92 108  96 112 104 100 102 112 100  98 106 114 106 106  92  92  96 100   0  90 106 114 110 108 106 100  98  98 108 100 100 104 104  88  98
  22  28  40  30  46  20  46  26  44  44  26  42  30  46  38  34  36  46  34  32  40  48  40  40  26  26  30  34  46   0  40  48  44  42  40  34  32  32  42  34  34  38  38  22  32
  70  76  88  78  94  68  94  74  92  92  74  90  78  94  86  82  84  94  82  80  88  96  88  88  74  74  78  82  94  72   0  96  92  90  88  82  80  80  90  82  82  86  86  70  80
  94 100 112 102 118  92 118  98 116 116  98 114 102 118 110 106 108 118 106 104 112 120 112 112  98  98 102 106 118  96 112   0 116 114 112 106 104 104 114 106 106 110 110  94 104
  82  88 100  90 106  80 106  86 104 104  86 102  90 106  98  94  96 106  94  92 100 108 100 100  86  86  90  94 106  84 100 108   0 102 100  94  92  92 102  94  94  98  98  82  92
  76  82  94  84 100  74 100  80  98  98  80  96  84 100  92  88  90 100  88  86  94 102  94  94  80  80  84  88 100  78  94 102  98   0  94  88  86  86  96  88  88  92  92  76  86
  70  76  88  78  94  68  94  74  92  92  74  90  78  94  86  82  84  94  82  80  88  96  88  88  74  74  78  82  94  72  88  96  92  90   0  82  80  80  90  82  82  86  86  70  80
  52  58  70  60  76  50  76  56  74  74  56  72  60  76  68  64  66  76  64  62  70  78  70  70  56  56  60  64  76  54  70  78  74  72  70   0  62  62  72  64  64  68  68  52  62
  46  52  64  54  70  44  70  50  68  68  50  66  54  70  62  58  60  70  58  56  64  72  64  64  50  50  54  58  70  48  64  72  68  66  64  58   0  56  66  58  58  62  62  46  56
  46  52  64  54  70  44  70  50  68  68  50  66  54  70  62  58  60  70  58  56  64  72  64  64  50  50  54  58  70  48  64  72  68  66  64  58  56   0  66  58  58  62  62  46  56
  76  82  94  84 100  74 100  80  98  98  80  96  84 100  92  88  90 100  88  86  94 102  94  94  80  80  84  88 100  78  94 102  98  96  94  88  86  86   0  88  88  92  92  76  86
  52  58  70  60  76  50  76  56  74  74  56  72  60  76  68  64  66  76  64  62  70  78  70  70  56  56  60  64  76  54  70  78  74  72  70  64  62  62  72   0  64  68  68  52  62
  52  58  70  60  76  50  76  56  74  74  56  72  60  76  68  64  66  76  64  62  70  78  70  70  56  56  60  64  76  54  70  78  74  72  70  64  62  62  72  64   0  68  68  52  62
  64  70  82  72  88  62  88  68  86  86  68  84  72  88  80  76  78  88  76  74  82  90  82  82  68  68  72  76  88  66  82  90  86  84  82  76  74  74  84  76  76   0  80  64  74
  64  70  82  72  88  62  88  68  86  86  68  84  72  88  80  76  78  88  76  74  82  90  82  82  68  68  72  76  88  66  82  90  86  84  82  76  74  74  84  76  76  80   0  64  74
  16  22  34  24  40  14  40  20  38  38  20  36  24  40  32  28  30  40  28  26  34  42  34  34  20  20  24  28  40  18  34  42  38  36  34  28  26  26  36  28  28  32  32   0  26
  46  52  64  54  70  44  70  50  68  68  50  66  54  70  62  58  60  70  58  56  64  72  64  64  50  50  54  58  70  48  64  72  68  66  64  58  56  56  66  58  58  62  62  46   0

   0  58  56  58  60  62  64  66  76  60  70  54  58  70  56  74  68  78  70  62  78  62  60  54  68  78  56  76  60  58  58  50  76  78  64  64  66  58  60  72  76  76  58  50  74
  46   0  38  40  42  44  46  48  58  42  52  36  40  52  38  56  50  60  52  44  60  44  42  36  50  60  38  58  42  40  40  32  58  60  46  46  48  40  42  54  58  58  40  32  56
  40  34   0  34  36  38  40  42  52  36  46  30  34  46  32  50  44  54  46  38  54  38  36  30  44  54  32  52  36  34  34  26  52  54  40  40  42  34  36  48  52  52  34  26  50
  46  40  38   0  42  44  46  48  58  42  52  36  40  52  38  56  50  60  52  44  60  44  42  36  50  60  38  58  42  40  40  32  58  60  46  46  48  40  42  54  58  58  40  32  56
  52  46  44  46   0  50  52  54  64  48  58  42  46  58  44  62  56  66  58  50  66  50  48  42  56  66  44  64  48  46  46  38  64  66  52  52  54  46  48  60  64  64  46  38  62
  58  52  50  52  54   0  58  60  70  54  64  48  52  64  50  68  62  72  64  56  72  56  54  48  62  72  50  70  54  52  52  44  70  72  58  58  60  52  54  66  70  70  52  44  68
  64  58  56  58  60  62   0  66  76  60  70  54  58  70  56  74  68  78  70  62  78  62  60  54  68  78  56  76  60  58  58  50  76  78  64  64  66  58  60  72  76  76  58  50  74
  70  64  62  64  66  68  70   0  82  66  76  60  64  76  62  80  74  84  76  68  84  68  66  60  74  84  62  82  66  64  64  56  82  84  70  70  72  64  66  78  82  82  64  56  80
 100  94  92  94  96  98 100 102   0  96 106  90  94 106  92 110 104 114 106  98 114  98  96  90 104 114  92 112  96  94  94  86 112 114 100 100 102  94  96 108 112 112  94  86 110
  52  46  44  46  48  50  52  54  64   0  58  42  46  58  44  62  56  66  58  50  66  50  48  42  56  66  44  64  48  46  46  38  64  66  52  52  54  46  48  60  64  64  46  38  62
  82  76  74  76  78  80  82  84  94  78   0  72  76  88  74  92  86  96  88  80  96  80  78  72  86  96  74  94  78  76  76  68  94  96  82  82  84  76  78  90  94  94  76  68  92
  34  28  26  28  30  32  34  36  46  30  40   0  28  40  26  44  38  48  40  32  48  32  30  24  38  48  26  46  30  28  28  20  46  48  34  34  36  28  30  42  46  46  28  20  44
  46  40  38  40  42  44  46  48  58  42  52  36   0  52  38  56  50  60  52  44  60  44  42  36  50  60  38  58  42  40  40  32  58  60  46  46  48  40  42  54  58  58  40  32  56
  82  76  74  76  78  80  82  84  94  78  88  72  76   0  74  92  86  96  88  80  96  80  78  72  86  96  74  94  78  76  76  68  94  96  82  82  84  76  78  90  94  94  76  68  92
  40  34  32  34  36  38  40  42  52  36  46  30  34  46   0  50  44  54  46  38  54  38  36  30  44  54  32  52  36  34  34  26  52  54  40  40  42  34  36  48  52  52  34  26  50
  94  88  86  88  90  92  94  96 106  90 100  84  88 100  86   0  98 108 100  92 108  92  90  84  98 108  86 106  90  88  88  80 106 108  94  94  96  88  90 102 106 106  88  80 104
  76  70  68  70  72  74  76  78  88  72  82  66  70  82  68  86   0  90  82  74  90  74  72  66  80  90  68  88  72  70  70  62  88  90  76  76  78  70  72  84  88  88  70  62  86
 106 100  98 100 102 104 106 108 118 102 112  96 100 112  98 116 110   0 112 104 120 104 102  96 110 120  98 118 102 100 100  92 118 120 106 106 108 100 102 114 118 118 100  92 116
  82  76  74  76  78  80  82  84  94  78  88  72  76  88  74  92  86  96   0  80  96  80  78  72  86  96  74  94  78  76  76  68  94  96  82  82  84  76  78  90  94  94  76  68  92
  58  52  50  52  54  56  58  60  70  54  64  48  52  64  50  68  62  72  64   0  72  56  54  48  62  72  50  70  54  52  52  44  70  72  58  58  60  52  54  66  70  70  52  44  68
 106 100  98 100 102 104 106 108 118 102 112  96 100 112  98 116 110 120 112 104   0 104 102  96 110 120  98 118 102 100 100  92 118 120 106 106 108 100 102 114 118 118 100  92 116
  58  52  50  52  54  56  58  60  70  54  64  48  52  64  50  68  62  72  64  56  72   0  54  48  62  72  50  70  54  52  52  44  70  72  58  58  60  52  54  66  70  70  52  44  68
  52  46  44  46  48  50  52  54  64  48  58  42  46  58  44  62  56  66  58  50  66  50   0  42  56  66  44  64  48  46  46  38  64  66  52  52  54  46  48  60  64  64  46  38  62
  34  28  26  28  30  32  34  36  46  30  40  24  28  40  26  44  38  48  40  32  48  32  30   0  38  48  26  46  30  28  28  20  46  48  34  34  36  28  30  42  46  46  28  20  44
  76  70  68  70  72  74  76  78  88  72  82  66  70  82  68  86  80  90  82  74  90  74  72  66   0  90  68  88  72  70  70  62  88  90  76  76  78  70  72  84  88  88  70  62  86
 106 100  98 100 102 104 106 108 118 102 112  96 100 112  98 116 110 120 112 104 120 104 102  96 110   0  98 118 102 100 100  92 118 120 106 106 108 100 102 114 118 118 100  92 116
  40  34  32  34  36  38  40  42  52  36  46  30  34  46  32  50  44  54  46  38  54  38  36  30  44  54   0  52  36  34  34  26  52  54  40  40  42  34  36  48  52  52  34  26  50
 100  94  92  94  96  98 100 102 112  96 106  90  94 106  92 110 104 114 106  98 114  98  96  90 104 114  92   0  96  94  94  86 112 114 100 100 102  94  96 108 112 112  94  86 110
  52  46  44  46  48  50  52  54  64  48  58  42  46  58  44  62  56  66  58  50  66  50  48  42  56  66  44  64   0  46  46  38  64  66  52  52  54  46  48  60  64  64  46  38  62
  46  40  38  40  42  44  46  48  58  42  52  36  40  52  38  56  50  60  52  44  60  44  42  36  50  60  38  58  42   0  40  32  58  60  46  46  48  40  42  54  58  58  40  32  56
  46  40  38  40  42  44  46  48  58  42  52  36  40  52  38  56  50  60  52  44  60  44  42  36  50  60  38  58  42  40   0  32  58  60  46  46  48  40  42  54  58  58  40  32  56
  22  16  14  16  18  20  22  24  34  18  28  12  16  28  14  32  26  36  28  20  36  20  18  12  26  36  14  34  18  16  16   0  34  36  22  22  24  16  18  30  34  34  16   8  32
 100  94  92  94  96  98 100 102 112  96 106  90  94 106  92 110 104 114 106  98 114  98  96  90 104 114  92 112  96  94  94  86   0 114 100 100 102  94  96 108 112 112  94  86 110
 106 100  98 100 102 104 106 108 118 102 112  96 100 112  98 116 110 120 112 104 120 104 102  96 110 120  98 118 102 100 100  92 118   0 106 106 108 100 102 114 118 118 100  92 116
  64  58  56  58  60  62  64  66  76  60  70  54  58  70  56  74  68  78  70  62  78  62  60  54  68  78  56  76  60  58  58  50  76  78   0  64  66  58  60  72  76  76  58  50  74
  64  58  56  58  60  62  64  66  76  60  70  54  58  70  56  74  68  78  70  62  78  62  60  54  68  78  56  76  60  58  58  50  76  78  64   0  66  58  60  72  76  76  58  50  74
  70  64  62  64  66  68  70  72  82  66  76  60  64  76  62  80  74  84  76  68  84  68  66  60  74  84  62  82  66  64  64  56  82  84  70  70   0  64  66  78  82  82  64  56  80
  46  40  38  40  42  44  46  48  58  42  52  36  40  52  38  56  50  60  52  44  60  44  42  36  50  60  38  58  42  40  40  32  58  60  46  46  48   0  42  54  58  58  40  32  56
  52  46  44  46  48  50  52  54  64  48  58  42  46  58  44  62  56  66  58  50  66  50  48  42  56  66  44  64  48  46  46  38  64  66  52  52  54  46   0  60  64  64  46  38  62
  88  82  80  82  84  86  88  90 100  84  94  78  82  94  80  98  92 102  94  86 102  86  84  78  92 102  80 100  84  82  82  74 100 102  88  88  90  82  84   0 100 100  82  74  98
 100  94  92  94  96  98 100 102 112  96 106  90  94 106  92 110 104 114 106  98 114  98  96  90 104 114  92 112  96  94  94  86 112 114 100 100 102  94  96 108   0 112  94  86 110
 100  94  92  94  96  98 100 102 112  96 106  90  94 106  92 110 104 114 106  98 114  98  96  90 104 114  92 112  96  94  94  86 112 114 100 100 102  94  96 108 112   0  94  86 110
  46  40  38  40  42  44  46  48  58  42  52  36  40  52  38  56  50  60  52  44  60  44  42  36  50  60  38  58  42  40  40  32  58  60  46  46  48  40  42  54  58  58   0  32  56
  22  16  14  16  18  20  22  24  34  18  28  12  16  28  14  32  26  36  28  20  36  20  18  12  26  36  14  34  18  16  16   8  34  36  22  22  24  16  18  30  34  34  16   0  32
  94  88  86  88  90  92  94  96 106  90 100  84  88 100  86 104  98 108 100  92 108  92  90  84  98 108  86 106  90  88  88  80 106 108  94  94  96  88  90 102 106 106  88  80   0

   0  64  66  56  54  76  52  58  76  66  60  74  66  56  70  62  74  74  60  78  78  74  76  56  66  66  68  52  64  68  60  78  66  52  58  68  56  60  76  74  58  74  76  56  52
  64   0  66  56  54  76  52  58  76  66  60  74  66  56  70  62  74  74  60  78  78  74  76  56  66  66  68  52  64  68  60  78  66  52  58  68  56  60  76  74  58  74  76  56  52
  70  70   0  62  60  82  58  64  82  72  66  80  72  62  76  68  80  80  66  84  84  80  82  62  72  72  74  58  70  74  66  84  72  58  64  74  62  66  82  80  64  80  82  62  58
  40  40  42   0  30  52  28  34  52  42  36  50  42  32  46  38  50  50  36  54  54  50  52  32  42  42  44  28  40  44  36  54  42  28  34  44  32  36  52  50  34  50  52  32  28
  34  34  36  26   0  46  22  28  46  36  30  44  36  26  40  32  44  44  30  48  48  44  46  26  36  36  38  22  34  38  30  48  36  22  28  38  26  30  46  44  28  44  46  26  22
 100 100 102  92  90   0  88  94 112 102  96 110 102  92 106  98 110 110  96 114 114 110 112  92 102 102 104  88 100 104  96 114 102  88  94 104  92  96 112 110  94 110 112  92  88
  28  28  30  20  18  40   0  22  40  30  24  38  30  20  34  26  38  38  24  42  42  38  40  20  30  30  32  16  28  32  24  42  30  16  22  32  20  24  40  38  22  38  40  20  16
  46  46  48  38  36  58  34   0  58  48  42  56  48  38  52  44  56  56  42  60  60  56  58  38  48  48  50  34  46  50  42  60  48  34  40  50  38  42  58  56  40  56  58  38  34
 100 100 102  92  90 112  88  94   0 102  96 110 102  92 106  98 110 110  96 114 114 110 112  92 102 102 104  88 100 104  96 114 102  88  94 104  92  96 112 110  94 110 112  92  88
  70  70  72  62  60  82  58  64  82   0  66  80  72  62  76  68  80  80  66  84  84  80  82  62  72  72  74  58  70  74  66  84  72  58  64  74  62  66  82  80  64  80  82  62  58
  52  52  54  44  42  64  40  46  64  54   0  62  54  44  58  50  62  62  48  66  66  62  64  44  54  54  56  40  52  56  48  66  54  40  46  56  44  48  64  62  46  62  64  44  40
  94  94  96  86  84 106  82  88 106  96  90   0  96  86 100  92 104 104  90 108 108 104 106  86  96  96  98  82  94  98  90 108  96  82  88  98  86  90 106 104  88 104 106  86  82
  70  70  72  62  60  82  58  64  82  72  66  80   0  62  76  68  80  80  66  84  84  80  82  62  72  72  74  58  70  74  66  84  72  58  64  74  62  66  82  80  64  80  82  62  58
  40  40  42  32  30  52  28  34  52  42  36  50  42   0  46  38  50  50  36  54  54  50  52  32  42  42  44  28  40  44  36  54  42  28  34  44  32  36  52  50  34  50  52  32  28
  82  82  84  74  72  94  70  76  94  84  78  92  84  74   0  80  92  92  78  96  96  92  94  74  84  84  86  70  82  86  78  96  84  70  76  86  74  78  94  92  76  92  94  74  70
  58  58  60  50  48  70  46  52  70  60  54  68  60  50  64   0  68  68  54  72  72  68  70  50  60  60  62  46  58  62  54  72  60  46  52  62  50  54  70  68  52  68  70  50  46
  94  94  96  86  84 106  82  88 106  96  90 104  96  86 100  92   0 104  90 108 108 104 106  86  96  96  98  82  94  98  90 108  96  82  88  98  86  90 106 104  88 104 106  86  82
  94  94  96  86  84 106  82  88 106  96  90 104  96  86 100  92 104   0  90 108 108 104 106  86  96  96  98  82  94  98  90 108  96  82  88  98  86  90 106 104  88 104 106  86  82
  52  52  54  44  42  64  40  46  64  54  48  62  54  44  58  50  62  62   0  66  66  62  64  44  54  54  56  40  52  56  48  66  54  40  46  56  44  48  64  62  46  62  64  44  40
 106 106 108  98  96 118  94 100 118 108 102 116 108  98 112 104 116 116 102   0 120 116 118  98 108 108 110  94 106 110 102 120 108  94 100 110  98 102 118 116 100 116 118  98  94
 106 106 108  98  96 118  94 100 118 108 102 116 108  98 112 104 116 116 102 120   0 116 118  98 108 108 110  94 106 110 102 120 108  94 100 110  98 102 118 116 100 116 118  98  94
  94  94  96  86  84 106  82  88 106  96  90 104  96  86 100  92 104 104  90 108 108   0 106  86  96  96  98  82  94  98  90 108  96  82  88  98  86  90 106 104  88 104 106  86  82
 100 100 102  92  90 112  88  94 112 102  96 110 102  92 106  98 110 110  96 114 114 110   0  92 102 102 104  88 100 104  96 114 102  88  94 104  92  96 112 110  94 110 112  92  88
  40  40  42  32  30  52  28  34  52  42  36  50  42  32  46  38  50  50  36  54  54  50  52   0  42  42  44  28  40  44  36  54  42  28  34  44  32  36  52  50  34  50  52  32  28
  70  70  72  62  60  82  58  64  82  72  66  80  72  62  76  68  80  80  66  84  84  80  82  62   0  72  74  58  70  74  66  84  72  58  64  74  62  66  82  80  64  80  82  62  58
  70  70  72  62  60  82  58  64  82  72  66  80  72  62  76  68  80  80  66  84  84  80  82  62  72   0  74  58  70  74  66  84  72  58  64  74  62  66  82  80  64  80  82  62  58
  76  76  78  68  66  88  64  70  88  78  72  86  78  68  82  74  86  86  72  90  90  86  88  68  78  78   0  64  76  80  72  90  78  64  70  80  68  72  88  86  70  86  88  68  64
  28  28  30  20  18  40  16  22  40  30  24  38  30  20  34  26  38  38  24  42  42  38  40  20  30  30  32   0  28  32  24  42  30  16  22  32  20  24  40  38  22  38  40  20  16
  64  64  66  56  54  76  52  58  76  66  60  74  66  56  70  62  74  74  60  78  78  74  76  56  66  66  68  52   0  68  60  78  66  52  58  68  56  60  76  74  58  74  76  56  52
  76  76  78  68  66  88  64  70  88  78  72  86  78  68  82  74  86  86  72  90  90  86  88  68  78  78  80  64  76   0  72  90  78  64  70  80  68  72  88  86  70  86  88  68  64
  52  52  54  44  42  64  40  46  64  54  48  62  54  44  58  50  62  62  48  66  66  62  64  44  54  54  56  40  52  56   0  66  54  40  46  56  44  48  64  62  46  62  64  44  40
 106 106 108  98  96 118  94 100 118 108 102 116 108  98 112 104 116 116 102 120 120 116 118  98 108 108 110  94 106 110 102   0 108  94 100 110  98 102 118 116 100 116 118  98  94
  70  70  72  62  60  82  58  64  82  72  66  80  72  62  76  68  80  80  66  84  84  80  82  62  72  72  74  58  70  74  66  84   0  58  64  74  62  66  82  80  64  80  82  62  58
  28  28  30  20  18  40  16  22  40  30  24  38  30  20  34  26  38  38  24  42  42  38  40  20  30  30  32  16  28  32  24  42  30   0  22  32  20  24  40  38  22  38  40  20  16
  46  46  48  38  36  58  34  40  58  48  42  56  48  38  52  44  56  56  42  60  60  56  58  38  48  48  50  34  46  50  42  60  48  34   0  50  38  42  58  56  40  56  58  38  34
  76  76  78  68  66  88  64  70  88  78  72  86  78  68  82  74  86  86  72  90  90  86  88  68  78  78  80  64  76  80  72  90  78  64  70   0  68  72  88  86  70  86  88  68  64
  40  40  42  32  30  52  28  34  52  42  36  50  42  32  46  38  50  50  36  54  54  50  52  32  42  42  44  28  40  44  36  54  42  28  34  44   0  36  52  50  34  50  52  32  28
  52  52  54  44  42  64  40  46  64  54  48  62  54  44  58  50  62  62  48  66  66  62  64  44  54  54  56  40  52  56  48  66  54  40  46  56  44   0  64  62  46  62  64  44  40
 100 100 102  92  90 112  88  94 112 102  96 110 102  92 106  98 110 110  96 114 114 110 112  92 102 102 104  88 100 104  96 114 102  88  94 104  92  96   0 110  94 110 112  92  88
  94  94  96  86  84 106  82  88 106  96  90 104  96  86 100  92 104 104  90 108 108 104 106  86  96  96  98  82  94  98  90 108  96  82  88  98  86  90 106   0  88 104 106  86  82
  46  46  48  38  36  58  34  40  58  48  42  56  48  38  52  44  56  56  42  60  60  56  58  38  48  48  50  34  46  50  42  60  48  34  40  50  38  42  58  56   0  56  58  38  34
  94  94  96  86  84 106  82  88 106  96  90 104  96  86 100  92 104 104  90 108 108 104 106  86  96  96  98  82  94  98  90 108  96  82  88  98  86  90 106 104  88   0 106  86  82
 100 100 102  92  90 112  88  94 112 102  96 110 102  92 106  98 110 110  96 114 114 110 112  92 102 102 104  88 100 104  96 114 102  88  94 104  92  96 112 110  94 110   0  92  88
  40  40  42  32  30  52  28  34  52  42  36  50  42  32  46  38  50  50  36  54  54  50  52  32  42  42  44  28  40  44  36  54  42  28  34  44  32  36  52  50  34  50  52   0  28
  28  28  30  20  18  40  16  22  40  30  24  38  30  20  34  26  38  38  24  42  42  38  40  20  30  30  32  16  28  32  24  42  30  16  22  32  20  24  40  38  22  38  40  20   0

   0  86  88 104 102  92 106  96  90 102  86  82  98 102 100  88  88  94 102 104  88  88 102  84  92  96 106  82  88 106 108 100  88  98  86 106  88 104  90  90  94  90  86  86 100
  50   0  34  50  48  38  52  42  36  48  32  28  44  48  46  34  34  40  48  50  34  34  48  30  38  42  52  28  34  52  54  46  34  44  32  52  34  50  36  36  40  36  32  32  46
  56  38   0  56  54  44  58  48  42  54  38  34  50  54  52  40  40  46  54  56  40  40  54  36  44  48  58  34  40  58  60  52  40  50  38  58  40  56  42  42  46  42  38  38  52
 104  86  88   0 102  92 106  96  90 102  86  82  98 102 100  88  88  94 102 104  88  88 102  84  92  96 106  82  88 106 108 100  88  98  86 106  88 104  90  90  94  90  86  86 100
  98  80  82  98   0  86 100  90  84  96  80  76  92  96  94  82  82  88  96  98  82  82  96  78  86  90 100  76  82 100 102  94  82  92  80 100  82  98  84  84  88  84  80  80  94
  68  50  52  68  66   0  70  60  54  66  50  46  62  66  64  52  52  58  66  68  52  52  66  48  56  60  70  46  52  70  72  64  52  62  50  70  52  68  54  54  58  54  50  50  64
 110  92  94 110 108  98   0 102  96 108  92  88 104 108 106  94  94 100 108 110  94  94 108  90  98 102 112  88  94 112 114 106  94 104  92 112  94 110  96  96 100  96  92  92 106
  80  62  64  80  78  68  82   0  66  78  62  58  74  78  76  64  64  70  78  80  64  64  78  60  68  72  82  58  64  82  84  76  64  74  62  82  64  80  66  66  70  66  62  62  76
  62  44  46  62  60  50  64  54   0  60  44  40  56  60  58  46  46  52  60  62  46  46  60  42  50  54  64  40  46  64  66  58  46  56  44  64  46  62  48  48  52  48  44  44  58
  98  80  82  98  96  86 100  90  84   0  80  76  92  96  94  82  82  88  96  98  82  82  96  78  86  90 100  76  82 100 102  94  82  92  80 100  82  98  84  84  88  84  80  80  94
  50  32  34  50  48  38  52  42  36  48   0  28  44  48  46  34  34  40  48  50  34  34  48  30  38  42  52  28  34  52  54  46  34  44  32  52  34  50  36  36  40  36  32  32  46
  38  20  22  38  36  26  40  30  24  36  20   0  32  36  34  22  22  28  36  38  22  22  36  18  26  30  40  16  22  40  42  34  22  32  20  40  22  38  24  24  28  24  20  20  34
  86  68  70  86  84  74  88  78  72  84  68  64   0  84  82  70  70  76  84  86  70  70  84  66  74  78  88  64  70  88  90  82  70  80  68  88  70  86  72  72  76  72  68  68  82
  98  80  82  98  96  86 100  90  84  96  80  76  92   0  94  82  82  88  96  98  82  82  96  78  86  90 100  76  82 100 102  94  82  92  80 100  82  98  84  84  88  84  80  80  94
  92  74  76  92  90  80  94  84  78  90  74  70  86  90   0  76  76  82  90  92  76  76  90  72  80  84  94  70  76  94  96  88  76  86  74  94  76  92  78  78  82  78  74  74  88
  56  38  40  56  54  44  58  48  42  54  38  34  50  54  52   0  40  46  54  56  40  40  54  36  44  48  58  34  40  58  60  52  40  50  38  58  40  56  42  42  46  42  38  38  52
  56  38  40  56  54  44  58  48  42  54  38  34  50  54  52  40   0  46  54  56  40  40  54  36  44  48  58  34  40  58  60  52  40  50  38  58  40  56  42  42  46  42  38  38  52
  74  56  58  74  72  62  76  66  60  72  56  52  68  72  70  58  58   0  72  74  58  58  72  54  62  66  76  52  58  76  78  70  58  68  56  76  58  74  60  60  64  60  56  56  70
  98  80  82  98  96  86 100  90  84  96  80  76  92  96  94  82  82  88   0  98  82  82  96  78  86  90 100  76  82 100 102  94  82  92  80 100  82  98  84  84  88  84  80  80  94
 104  86  88 104 102  92 106  96  90 102  86  82  98 102 100  88  88  94 102   0  88  88 102  84  92  96 106  82  88 106 108 100  88  98  86 106  88 104  90  90  94  90  86  86 100
  56  38  40  56  54  44  58  48  42  54  38  34  50  54  52  40  40  46  54  56   0  40  54  36  44  48  58  34  40  58  60  52  40  50  38  58  40  56  42  42  46  42  38  38  52
  56  38  40  56  54  44  58  48  42  54  38  34  50  54  52  40  40  46  54  56  40   0  54  36  44  48  58  34  40  58  60  52  40  50  38  58  40  56  42  42  46  42  38  38  52
  98  80  82  98  96  86 100  90  84  96  80  76  92  96  94  82  82  88  96  98  82  82   0  78  86  90 100  76  82 100 102  94  82  92  80 100  82  98  84  84  88  84  80  80  94
  44  26  28  44  42  32  46  36  30  42  26  22  38  42  40  28  28  34  42  44  28  28  42   0  32  36  46  22  28  46  48  40  28  38  26  46  28  44  30  30  34  30  26  26  40
  68  50  52  68  66  56  70  60  54  66  50  46  62  66  64  52  52  58  66  68  52  52  66  48   0  60  70  46  52  70  72  64  52  62  50  70  52  68  54  54  58  54  50  50  64
  80  62  64  80  78  68  82  72  66  78  62  58  74  78  76  64  64  70  78  80  64  64  78  60  68   0  82  58  64  82  84  76  64  74  62  82  64  80  66  66  70  66  62  62  76
 110  92  94 110 108  98 112 102  96 108  92  88 104 108 106  94  94 100 108 110  94  94 108  90  98 102   0  88  94 112 114 106  94 104  92 112  94 110  96  96 100  96  92  92 106
  38  20  22  38  36  26  40  30  24  36  20  16  32  36  34  22  22  28  36  38  22  22  36  18  26  30  40   0  22  40  42  34  22  32  20  40  22  38  24  24  28  24  20  20  34
  56  38  40  56  54  44  58  48  42  54  38  34  50  54  52  40  40  46  54  56  40  40  54  36  44  48  58  34   0  58  60  52  40  50  38  58  40  56  42  42  46  42  38  38  52
 110  92  94 110 108  98 112 102  96 108  92  88 104 108 106  94  94 100 108 110  94  94 108  90  98 102 112  88  94   0 114 106  94 104  92 112  94 110  96  96 100  96  92  92 106
 116  98 100 116 114 104 118 108 102 114  98  94 110 114 112 100 100 106 114 116 100 100 114  96 104 108 118  94 100 118   0 112 100 110  98 118 100 116 102 102 106 102  98  98 112
  92  74  76  92  90  80  94  84  78  90  74  70  86  90  88  76  76  82  90  92  76  76  90  72  80  84  94  70  76  94  96   0  76  86  74  94  76  92  78  78  82  78  74  74  88
  56  38  40  56  54  44  58  48  42  54  38  34  50  54  52  40  40  46  54  56  40  40  54  36  44  48  58  34  40  58  60  52   0  50  38  58  40  56  42  42  46  42  38  38  52
  86  68  70  86  84  74  88  78  72  84  68  64  80  84  82  70  70  76  84  86  70  70  84  66  74  78  88  64  70  88  90  82  70   0  68  88  70  86  72  72  76  72  68  68  82
  50  32  34  50  48  38  52  42  36  48  32  28  44  48  46  34  34  40  48  50  34  34  48  30  38  42  52  28  34  52  54  46  34  44   0  52  34  50  36  36  40  36  32  32  46
 110  92  94 110 108  98 112 102  96 108  92  88 104 108 106  94  94 100 108 110  94  94 108  90  98 102 112  88  94 112 114 106  94 104  92   0  94 110  96  96 100  96  92  92 106
  56  38  40  56  54  44  58  48  42  54  38  34  50  54  52  40  40  46  54  56  40  40  54  36  44  48  58  34  40  58  60  52  40  50  38  58   0  56  42  42  46  42  38  38  52
 104  86  88 104 102  92 106  96  90 102  86  82  98 102 100  88  88  94 102 104  88  88 102  84  92  96 106  82  88 106 108 100  88  98  86 106  88   0  90  90  94  90  86  86 100
  62  44  46  62  60  50  64  54  48  60  44  40  56  60  58  46  46  52  60  62  46  46  60  42  50  54  64  40  46  64  66  58  46  56  44  64  46  62   0  48  52  48  44  44  58
  62  44  46  62  60  50  64  54  48  60  44  40  56  60  58  46  46  52  60  62  46  46  60  42  50  54  64  40  46  64  66  58  46  56  44  64  46  62  48   0  52  48  44  44  58
  74  56  58  74  72  62  76  66  60  72  56  52  68  72  70  58  58  64  72  74  58  58  72  54  62  66  76  52  58  76  78  70  58  68  56  76  58  74  60  60   0  60  56  56  70
  62  44  46  62  60  50  64  54  48  60  44  40  56  60  58  46  46  52  60  62  46  46  60  42  50  54  64  40  46  64  66  58  46  56  44  64  46  62  48  48  52   0  44  44  58
  50  32  34  50  48  38  52  42  36  48  32  28  44  48  46  34  34  40  48  50  34  34  48  30  38  42  52  28  34  52  54  46  34  44  32  52  34  50  36  36  40  36   0  32  46
  50  32  34  50  48  38  52  42  36  48  32  28  44  48  46  34  34  40  48  50  34  34  48  30  38  42  52  28  34  52  54  46  34  44  32  52  34  50  36  36  40  36  32   0  46
  92  74  76  92  90  80  94  84  78  90  74  70  86  90  88  76  76  82  90  92  76  76  90  72  80  84  94  70  76  94  96  88  76  86  74  94  76  92  78  78  82  78  74  74   0

   0  32  28  42  40  42  24  36  44  36  34  40  34  30  36  32  46  34  36  32  48  34  38  34  42  26  44  46  48  30  42  34  22  46  34  36  36  38  38  46  38  32  36  28  30
  48   0  52  66  64  66  48  60  68  60  58  64  58  54  60  56  70  58  60  56  72  58  62  58  66  50  68  70  72  54  66  58  46  70  58  60  60  62  62  70  62  56  60  52  54
  36  44   0  54  52  54  36  48  56  48  46  52  46  42  48  44  58  46  48  44  60  46  50  46  54  38  56  58  60  42  54  46  34  58  46  48  48  50  50  58  50  44  48  40  42
  78  86  82   0  94  96  78  90  98  90  88  94  88  84  90  86 100  88  90  86 102  88  92  88  96  80  98 100 102  84  96  88  76 100  88  90  90  92  92 100  92  86  90  82  84
  72  80  76  90   0  90  72  84  92  84  82  88  82  78  84  80  94  82  84  80  96  82  86  82  90  74  92  94  96  78  90  82  70  94  82  84  84  86  86  94  86  80  84  76  78
  78  86  82  96  94   0  78  90  98  90  88  94  88  84  90  86 100  88  90  86 102  88  92  88  96  80  98 100 102  84  96  88  76 100  88  90  90  92  92 100  92  86  90  82  84
  24  32  28  42  40  42   0  36  44  36  34  40  34  30  36  32  46  34  36  32  48  34  38  34  42  26  44  46  48  30  42  34  22  46  34  36  36  38  38  46  38  32  36  28  30
  60  68  64  78  76  78  60   0  80  72  70  76  70  66  72  68  82  70  72  68  84  70  74  70  78  62  80  82  84  66  78  70  58  82  70  72  72  74  74  82  74  68  72  64  66
  84  92  88 102 100 102  84  96   0  96  94 100  94  90  96  92 106  94  96  92 108  94  98  94 102  86 104 106 108  90 102  94  82 106  94  96  96  98  98 106  98  92  96  88  90
  60  68  64  78  76  78  60  72  80   0  70  76  70  66  72  68  82  70  72  68  84  70  74  70  78  62  80  82  84  66  78  70  58  82  70  72  72  74  74  82  74  68  72  64  66
  54  62  58  72  70  72  54  66  74  66   0  70  64  60  66  62  76  64  66  62  78  64  68  64  72  56  74  76  78  60  72  64  52  76  64  66  66  68  68  76  68  62  66  58  60
  72  80  76  90  88  90  72  84  92  84  82   0  82  78  84  80  94  82  84  80  96  82  86  82  90  74  92  94  96  78  90  82  70  94  82  84  84  86  86  94  86  80  84  76  78
  54  62  58  72  70  72  54  66  74  66  64  70   0  60  66  62  76  64  66  62  78  64  68  64  72  56  74  76  78  60  72  64  52  76  64  66  66  68  68  76  68  62  66  58  60
  42  50  46  60  58  60  42  54  62  54  52  58  52   0  54  50  64  52  54  50  66  52  56  52  60  44  62  64  66  48  60  52  40  64  52  54  54  56  56  64  56  50  54  46  48
  60  68  64  78  76  78  60  72  80  72  70  76  70  66   0  68  82  70  72  68  84  70  74  70  78  62  80  82  84  66  78  70  58  82  70  72  72  74  74  82  74  68  72  64  66
  48  56  52  66  64  66  48  60  68  60  58  64  58  54  60   0  70  58  60  56  72  58  62  58  66  50  68  70  72  54  66  58  46  70  58  60  60  62  62  70  62  56  60  52  54
  90  98  94 108 106 108  90 102 110 102 100 106 100  96 102  98   0 100 102  98 114 100 104 100 108  92 110 112 114  96 108 100  88 112 100 102 102 104 104 112 104  98 102  94  96
  54  62  58  72  70  72  54  66  74  66  64  70  64  60  66  62  76   0  66  62  78  64  68  64  72  56  74  76  78  60  72  64  52  76  64  66  66  68  68  76  68  62  66  58  60
  60  68  64  78  76  78  60  72  80  72  70  76  70  66  72  68  82  70   0  68  84  70  74  70  78  62  80  82  84  66  78  70  58  82  70  72  72  74  74  82  74  68  72  64  66
  48  56  52  66  64  66  48  60  68  60  58  64  58  54  60  56  70  58  60   0  72  58  62  58  66  50  68  70  72  54  66  58  46  70  58  60  60  62  62  70  62  56  60  52  54
  96 104 100 114 112 114  96 108 116 108 106 112 106 102 108 104 118 106 108 104   0 106 110 106 114  98 116 118 120 102 114 106  94 118 106 108 108 110 110 118 110 104 108 100 102
  54  62  58  72  70  72  54  66  74  66  64  70  64  60  66  62  76  64  66  62  78   0  68  64  72  56  74  76  78  60  72  64  52  76  64  66  66  68  68  76  68  62  66  58  60
  66  74  70  84  82  84  66  78  86  78  76  82  76  72  78  74  88  76  78  74  90  76   0  76  84  68  86  88  90  72  84  76  64  88  76  78  78  80  80  88  80  74  78  70  72
  54  62  58  72  70  72  54  66  74  66  64  70  64  60  66  62  76  64  66  62  78  64  68   0  72  56  74  76  78  60  72  64  52  76  64  66  66  68  68  76  68  62  66  58  60
  78  86  82  96  94  96  78  90  98  90  88  94  88  84  90  86 100  88  90  86 102  88  92  88   0  80  98 100 102  84  96  88  76 100  88  90  90  92  92 100  92  86  90  82  84
  30  38  34  48  46  48  30  42  50  42  40  46  40  36  42  38  52  40  42  38  54  40  44  40  48   0  50  52  54  36  48  40  28  52  40  42  42  44  44  52  44  38  42  34  36
  84  92  88 102 100 102  84  96 104  96  94 100  94  90  96  92 106  94  96  92 108  94  98  94 102  86   0 106 108  90 102  94  82 106  94  96  96  98  98 106  98  92  96  88  90
  90  98  94 108 106 108  90 102 110 102 100 106 100  96 102  98 112 100 102  98 114 100 104 100 108  92 110   0 114  96 108 100  88 112 100 102 102 104 104 112 104  98 102  94  96
  96 104 100 114 112 114  96 108 116 108 106 112 106 102 108 104 118 106 108 104 120 106 110 106 114  98 116 118   0 102 114 106  94 118 106 108 108 110 110 118 110 104 108 100 102
  42  50  46  60  58  60  42  54  62  54  52  58  52  48  54  50  64  52  54  50  66  52  56  52  60  44  62  64  66   0  60  52  40  64  52  54  54  56  56  64  56  50  54  46  48
  78  86  82  96  94  96  78  90  98  90  88  94  88  84  90  86 100  88  90  86 102  88  92  88  96  80  98 100 102  84   0  88  76 100  88  90  90  92  92 100  92  86  90  82  84
  54  62  58  72  70  72  54  66  74  66  64  70  64  60  66  62  76  64  66  62  78  64  68  64  72  56  74  76  78  60  72   0  52  76  64  66  66  68  68  76  68  62  66  58  60
  18  26  22  36  34  36  18  30  38  30  28  34  28  24  30  26  40  28  30  26  42  28  32  28  36  20  38  40  42  24  36  28   0  40  28  30  30  32  32  40  32  26  30  22  24
  90  98  94 108 106 108  90 102 110 102 100 106 100  96 102  98 112 100 102  98 114 100 104 100 108  92 110 112 114  96 108 100  88   0 100 102 102 104 104 112 104  98 102  94  96
  54  62  58  72  70  72  54  66  74  66  64  70  64  60  66  62  76  64  66  62  78  64  68  64  72  56  74  76  78  60  72  64  52  76   0  66  66  68  68  76  68  62  66  58  60
  60  68  64  78  76  78  60  72  80  72  70  76  70  66  72  68  82  70  72  68  84  70  74  70  78  62  80  82  84  66  78  70  58  82  70   0  72  74  74  82  74  68  72  64  66
  60  68  64  78  76  78  60  72  80  72  70  76  70  66  72  68  82  70  72  68  84  70  74  70  78  62  80  82  84  66  78  70  58  82  70  72   0  74  74  82  74  68  72  64  66
  66  74  70  84  82  84  66  78  86  78  76  82  76  72  78  74  88  76  78  74  90  76  80  76  84  68  86  88  90  72  84  76  64  88  76  78  78   0  80  88  80  74  78  70  72
  66  74  70  84  82  84  66  78  86  78  76  82  76  72  78  74  88  76  78  74  90  76  80  76  84  68  86  88  90  72  84  76  64  88  76  78  78  80   0  88  80  74  78  70  72
  90  98  94 108 106 108  90 102 110 102 100 106 100  96 102  98 112 100 102  98 114 100 104 100 108  92 110 112 114  96 108 100  88 112 100 102 102 104 104   0 104  98 102  94  96
  66  74  70  84  82  84  66  78  86  78  76  82  76  72  78  74  88  76  78  74  90  76  80  76  84  68  86  88  90  72  84  76  64  88  76  78  78  80  80  88   0  74  78  70  72
  48  56  52  66  64  66  48  60  68  60  58  64  58  54  60  56  70  58  60  56  72  58  62  58  66  50  68  70  72  54  66  58  46  70  58  60  60  62  62  70  62   0  60  52  54
  60  68  64  78  76  78  60  72  80  72  70  76  70  66  72  68  82  70  72  68  84  70  74  70  78  62  80  82  84  66  78  70  58  82  70  72  72  74  74  82  74  68   0  64  66
  36  44  40  54  52  54  36  48  56  48  46  52  46  42  48  44  58  46  48  44  60  46  50  46  54  38  56  58  60  42  54  46  34  58  46  48  48  50  50  58  50  44  48   0  42
  42  50  46  60  58  60  42  54  62  54  52  58  52  48  54  50  64  52  54  50  66  52  56  52  60  44  62  64  66  48  60  52  40  64  52  54  54  56  56  64  56  50  54  46   0