32 4

   0  13  21  32  48  45  32  29  14  25  22  15  30  28  44  42  48  61  63  49  62  63  57  68  61  53  44  48  32  38  22  23
  13   0  11  21  38  34  19  16  22  26  13  16  20  25  41  36  41  55  59  46  59  63  57  70  64  57  48  49  36  43  28  32
  21  11   0  16  32  29  16  17  30  36  21  26  26  35  51  44  48  63  68  55  69  72  67  80  74  67  58  59  46  53  37  40
  32  21  16   0  20  16  10  17  41  46  30  36  32  44  59  50  53  69  75  62  76  81  76  90  84  77  68  69  56  64  48  51
  48  38  32  20   0  11  25  33  56  63  47  53  48  61  75  67  69  84  91  78  93  98  93 107 101  94  85  86  73  80  65  65
  45  34  29  16  11   0  19  28  53  58  42  48  43  56  70  61  63  79  86  73  87  92  88 102  96  89  80  81  69  76  60  62
  32  19  16  10  25  19   0  10  40  41  24  32  24  38  52  42  45  60  67  54  69  74  70  84  78  73  63  63  53  61  46  50
  29  16  17  17  33  28  10   0  38  36  19  28  19  33  47  38  40  56  62  50  64  69  65  79  73  68  58  58  48  56  42  48
  14  22  30  41  56  53  40  38   0  22  28  16  35  29  44  45  50  62  62  49  60  59  53  62  54  45  37  43  25  29  13  12
  25  26  36  46  63  58  41  36  22   0  23  11  26  13  24  28  33  43  42  29  40  41  35  47  41  34  25  26  15  24  17  28
  22  13  21  30  47  42  24  19  28  23   0  15  14  20  35  29  34  48  52  39  53  57  52  66  60  54  44  45  34  42  29  36
  15  16  26  36  53  48  32  28  16  11  15   0  21  15  30  30  35  48  49  35  48  49  43  55  49  42  33  35  21  29  15  24
  30  20  26  32  48  43  24  19  35  26  14  21   0  20  33  23  26  42  48  35  49  55  51  65  60  56  46  45  38  47  36  44
  28  25  35  44  61  56  38  33  29  13  20  15  20   0  22  22  27  38  40  26  40  43  38  52  46  41  31  31  24  33  25  36
  44  41  51  59  75  70  52  47  44  24  35  30  33  22   0  25  26  35  34  21  34  38  34  48  44  41  32  28  30  37  35  47
  42  36  44  50  67  61  42  38  45  28  29  30  23  22  25   0  20  34  39  27  41  47  43  58  54  52  42  39  38  46  40  51
  48  41  48  53  69  63  45  40  50  33  34  35  26  27  26  20   0  26  34  24  37  43  42  57  54  52  43  39  41  49  45  56
  61  55  63  69  84  79  60  56  62  43  48  48  42  38  35  34  26   0  31  26  35  42  42  56  55  55  46  41  48  54  53  64
  63  59  68  75  91  86  67  62  62  42  52  49  48  40  34  39  34  31   0  25  24  29  32  45  44  45  38  33  44  49  52  64
  49  46  55  62  78  73  54  50  49  29  39  35  35  26  21  27  24  26  25   0  27  33  31  45  43  42  33  28  35  40  41  52
  62  59  69  76  93  87  69  64  60  40  53  48  49  40  34  41  37  35  24  27   0  26  28  41  40  41  34  29  41  45  49  61
  63  63  72  81  98  92  74  69  59  41  57  49  55  43  38  47  43  42  29  33  26   0  22  26  26  31  27  24  40  40  50  61
  57  57  67  76  93  88  70  65  53  35  52  43  51  38  34  43  42  42  32  31  28  22   0  29  27  28  22  17  33  33  42  54
  68  70  80  90 107 102  84  79  62  47  66  55  65  52  48  58  57  56  45  45  41  26  29   0  17  23  25  28  41  37  51  61
  61  64  74  84 101  96  78  73  54  41  60  49  60  46  44  54  54  55  44  43  40  26  27  17   0  14  18  23  34  28  44  53
  53  57  67  77  94  89  73  68  45  34  54  42  56  41  41  52  52  55  45  42  41  31  28  23  14   0  12  22  28  19  36  44
  44  48  58  68  85  80  63  58  37  25  44  33  46  31  32  42  43  46  38  33  34  27  22  25  18  12   0  14  19  15  29  38
  48  49  59  69  86  81  63  58  43  26  45  35  45  31  28  39  39  41  33  28  29  24  17  28  23  22  14   0  23  24  33  44
  32  36  46  56  73  69  53  48  25  15  34  21  38  24  30  38  41  48  44  35  41  40  33  41  34  28  19  23   0  14  15  26
  38  43  53  64  80  76  61  56  29  24  42  29  47  33  37  46  49  54  49  40  45  40  33  37  28  19  15  24  14   0  21  27
  22  28  37  48  65  60  46  42  13  17  29  15  36  25  35  40  45  53  52  41  49  50  42  51  44  36  29  33  15  21   0  16
  23  32  40  51  65  62  50  48  12  28  36  24  44  36  47  51  56  64  64  52  61  61  54  61  53  44  38  44  26  27  16   0

   0  28  25  39  51  53  46  35  18  30  28  22  28  25  39  38  47  51  55  46  54  63  55  68  66  61  57  50  38  42  28  28
  28   0  24  37  50  51  42  31  35  40  28  32  27  31  45  41  49  54  60  52  60  72  64  79  78  74  70  60  51  56  43  46
  25  24   0  24  36  38  31  24  35  42  28  34  25  33  47  41  48  54  61  53  62  73  66  81  80  76  72  62  53  58  44  46
  39  37  24   0  26  27  27  26  48  54  39  46  33  44  57  49  55  62  70  62  71  84  77  93  92  88  84  74  65  71  57  59
  51  50  36  26   0  19  39  39  60  68  53  60  46  58  70  63  68  74  83  75  85  98  91 107 106 102  98  88  79  84  71  70
  53  51  38  27  19   0  37  38  61  67  52  59  45  57  69  61  66  73  82  74  83  96  90 106 105 101  97  87  79  84  70  71
  46  42  31  27  39  37   0  24  52  54  38  47  30  43  55  46  52  58  67  59  69  82  76  92  91  89  84  73  67  73  60  63
  35  31  24  26  39  38  24   0  44  43  27  37  19  32  44  36  41  48  56  49  58  71  65  81  80  78  73  62  56  62  50  55
  18  35  35  48  60  61  52  44   0  28  35  24  34  27  40  42  50  53  55  47  53  60  52  63  60  54  51  46  32  34  20  18
  30  40  42  54  68  67  54  43  28   0  31  20  26  12  21  26  34  35  36  28  34  43  35  49  48  44  40  30  23  30  25  35
  28  28  28  39  53  52  38  27  35  31   0  25  15  20  33  28  36  41  47  39  48  60  53  69  68  65  60  50  43  49  38  44
  22  32  34  46  60  59  47  37  24  20  25   0  22  15  28  29  37  41  44  35  43  52  44  58  57  53  49  40  30  36  24  32
  28  27  25  33  46  45  30  19  34  26  15  22   0  14  25  16  22  29  37  29  38  52  46  62  62  61  56  44  41  48  39  46
  25  31  33  44  58  57  43  32  27  12  20  15  14   0  14  15  23  25  29  20  29  40  33  49  48  46  41  30  27  34  28  38
  39  45  47  57  70  69  55  44  40  21  33  28  25  14   0  16  20  20  21  13  21  33  27  43  44  44  40  25  31  36  36  47
  38  41  41  49  63  61  46  36  42  26  28  29  16  15  16   0  14  19  26  19  28  42  36  53  54  55  50  36  39  45  41  51
  47  49  48  55  68  66  52  41  50  34  36  37  22  23  20  14   0  14  24  19  27  41  38  55  57  58  54  39  45  51  49  59
  51  54  54  62  74  73  58  48  53  35  41  41  29  25  20  19  14   0  15  15  19  34  32  48  52  55  51  35  46  50  51  61
  55  60  61  70  83  82  67  56  55  36  47  44  37  29  21  26  24  15   0  15   9  22  23  38  42  46  44  28  43  46  51  62
  46  52  53  62  75  74  59  49  47  28  39  35  29  20  13  19  19  15  15   0  15  29  25  41  44  46  42  26  37  40  43  53
  54  60  62  71  85  83  69  58  53  34  48  43  38  29  21  28  27  19   9  15   0  19  19  34  38  42  40  24  40  42  48  59
  63  72  73  84  98  96  82  71  60  43  60  52  52  40  33  42  41  34  22  29  19   0  18  24  29  37  38  24  44  42  54  64
  55  64  66  77  91  90  76  65  52  35  53  44  46  33  27  36  38  32  23  25  19  18   0  26  29  33  32  16  36  34  45  56
  68  79  81  93 107 106  92  81  63  49  69  58  62  49  43  53  55  48  38  41  34  24  26   0  20  29  36  28  45  39  55  64
  66  78  80  92 106 105  91  80  60  48  68  57  62  48  44  54  57  52  42  44  38  29  29  20   0  24  33  27  42  34  52  60
  61  74  76  88 102 101  89  78  54  44  65  53  61  46  44  55  58  55  46  46  42  37  33  29  24   0  28  27  37  26  45  52
  57  70  72  84  98  97  84  73  51  40  60  49  56  41  40  50  54  51  44  42  40  38  32  36  33  28   0  23  32  26  42  50
  50  60  62  74  88  87  73  62  46  30  50  40  44  30  25  36  39  35  28  26  24  24  16  28  27  27  23   0  29  28  39  49
  38  51  53  65  79  79  67  56  32  23  43  30  41  27  31  39  45  46  43  37  40  44  36  45  42  37  32  29   0  21  24  34
  42  56  58  71  84  84  73  62  34  30  49  36  48  34  36  45  51  50  46  40  42  42  34  39  34  26  26  28  21   0  28  33
  28  43  44  57  71  70  60  50  20  25  38  24  39  28  36  41  49  51  51  43  48  54  45  55  52  45  42  39  24  28   0  23
  28  46  46  59  70  71  63  55  18  35  44  32  46  38  47  51  59  61  62  53  59  64  56  64  60  52  50  49  34  33  23   0

   0  20  29  40  53  48  45  34  29  34  31  26  30  33  39  37  46  53  56  45  55  60  52  65  60  55  50  47  38  43  26  28
  20   0  21  31  45  39  34  23  39  37  24  29  22  32  38  33  41  49  54  44  54  62  54  69  65  61  56  50  44  50  34  39
  29  21   0  26  39  34  31  24  47  47  32  39  28  42  48  41  48  57  63  53  64  71  64  79  75  71  66  60  54  60  43  47
  40  31  26   0  27  21  25  24  58  57  41  49  34  51  56  47  53  63  70  60  71  80  73  89  85  81  76  70  64  71  54  58
  53  45  39  27   0  14  38  38  71  72  56  64  48  66  70  62  67  76  84  74  86  95  88 104 100  96  91  85  79  85  69  70
  48  39  34  21  14   0  31  32  67  66  50  58  42  60  64  55  60  70  78  68  79  88  82  98  94  90  85  79  74  80  63  66
  45  34  31  25  38  31   0  21  61  56  39  49  30  49  53  43  49  58  66  56  68  77  71  87  83  81  75  68  65  72  56  61
  34  23  24  24  38  32  21   0  53  45  28  39  19  38  42  33  38  48  55  46  57  66  60  76  72  70  64  57  54  61  46  53
  29  39  47  58  71  67  61  53   0  38  44  34  42  41  46  47  55  61  62  52  60  63  55  66  60  54  50  49  38  41  24  24
  34  37  47  57  72  66  56  45  38   0  35  25  29  21  22  26  34  38  38  28  36  41  33  47  43  39  34  28  24  32  24  36
  31  24  32  41  56  50  39  28  44  35   0  29  17  28  33  27  35  43  48  38  49  57  50  66  62  59  53  47  43  50  36  44
  26  29  39  49  64  58  49  39  34  25  29   0  25  24  29  29  37  44  46  35  45  50  42  56  52  48  43  38  31  38  23  33
  30  22  28  34  48  42  30  19  42  29  17  25   0  21  24  14  20  30  37  27  38  48  42  58  55  54  48  40  40  48  36  45
  33  32  42  51  66  60  49  38  41  21  28  24  21   0  17  17  25  30  33  22  33  40  33  49  45  43  37  30  30  38  29  41
  39  38  48  56  70  64  53  42  46  22  33  29  24  17   0  14  18  21  21  11  21  29  23  39  37  37  32  21  30  36  33  46
  37  33  41  47  62  55  43  33  47  26  27  29  14  17  14   0  11  19  25  16  27  37  31  48  46  47  41  31  37  44  37  49
  46  41  48  53  67  60  49  38  55  34  35  37  20  25  18  11   0  14  23  16  26  36  33  50  49  50  45  34  43  50  45  57
  53  49  57  63  76  70  58  48  61  38  43  44  30  30  21  19  14   0  15  13  19  30  28  44  45  48  43  31  45  50  48  60
  56  54  63  70  84  78  66  55  62  38  48  46  37  33  21  25  23  15   0  13   9  18  19  34  35  39  36  24  42  46  48  61
  45  44  53  60  74  68  56  46  52  28  38  35  27  22  11  16  16  13  13   0  14  24  20  36  36  38  33  21  35  39  39  51
  55  54  64  71  86  79  68  57  60  36  49  45  38  33  21  27  26  19   9  14   0  15  15  30  31  35  32  20  39  42  45  58
  60  62  71  80  95  88  77  66  63  41  57  50  48  40  29  37  36  30  18  24  15   0  11  17  19  27  27  17  40  39  48  60
  52  54  64  73  88  82  71  60  55  33  50  42  42  33  23  31  33  28  19  20  15  11   0  19  19  23  21   9  32  31  39  52
  65  69  79  89 104  98  87  76  66  47  66  56  58  49  39  48  50  44  34  36  30  17  19   0  10  19  25  21  41  36  49  60
  60  65  75  85 100  94  83  72  60  43  62  52  55  45  37  46  49  45  35  36  31  19  19  10   0  12  20  18  36  29  44  54
  55  61  71  81  96  90  81  70  54  39  59  48  54  43  37  47  50  48  39  38  35  27  23  19  12   0  16  19  32  22  38  47
  50  56  66  76  91  85  75  64  50  34  53  43  48  37  32  41  45  43  36  33  32  27  21  25  20  16   0  14  26  21  34  44
  47  50  60  70  85  79  68  57  49  28  47  38  40  30  21  31  34  31  24  21  20  17   9  21  18  19  14   0  25  25  33  45
  38  44  54  64  79  74  65  54  38  24  43  31  40  30  30  37  43  45  42  35  39  40  32  41  36  32  26  25   0  20  20  32
  43  50  60  71  85  80  72  61  41  32  50  38  48  38  36  44  50  50  46  39  42  39  31  36  29  22  21  25  20   0  25  32
  26  34  43  54  69  63  56  46  24  24  36  23  36  29  33  37  45  48  48  39  45  48  39  49  44  38  34  33  20  25   0  20
  28  39  47  58  70  66  61  53  24  36  44  33  45  41  46  49  57  60  61  51  58  60  52  60  54  47  44  45  32  32  20   0

   0  24  27  34  54  51  35  40  20  35  25  19  35  29  42  37  44  53  60  50  55  64  54  68  61  56  52  55  42  43  29  24
  24   0  23  29  50  46  28  33  34  42  22  26  31  32  45  37  43  53  62  53  58  70  60  76  70  66  62  62  52  54  41  39
  27  23   0  20  40  37  21  30  38  48  26  32  33  38  51  41  46  57  67  58  64  75  66  82  76  72  68  68  58  60  46  43
  34  29  20   0  26  22  13  28  47  56  33  40  37  45  57  45  49  61  72  63  69  82  73  90  84  80  76  76  66  69  55  52
  54  50  40  26   0  19  30  46  64  75  52  59  55  64  75  64  67  78  90  81  88 101  92 109 103  99  95  95  85  87  74  68
  51  46  37  22  19   0  25  42  62  71  48  55  51  60  71  59  62  74  86  77  83  96  88 105  99  95  91  91  82  84  70  66
  35  28  21  13  30  25   0  22  47  52  28  37  30  40  51  38  42  53  65  56  63  76  68  85  79  77  72  71  64  67  54  52
  40  33  30  28  46  42  22   0  49  51  27  37  29  39  50  38  41  53  64  56  62  75  67  84  78  76  71  70  63  66  54  54
  20  34  38  47  64  62  47  49   0  34  33  22  42  32  44  42  48  56  61  52  55  62  52  64  56  50  47  52  37  36  22  15
  35  42  48  56  75  71  52  51  34   0  31  20  36  19  27  28  34  40  44  35  38  47  37  52  46  42  38  38  30  34  29  34
  25  22  26  33  52  48  28  27  33  31   0  20  20  22  34  25  31  41  50  41  47  59  50  67  61  58  53  53  45  48  37  38
  19  26  32  40  59  55  37  37  22  20  20   0  27  17  29  26  32  41  47  37  42  51  41  56  50  46  42  43  32  35  23  26
  35  31  33  37  55  51  30  29  42  36  20  27   0  22  32  19  23  35  46  37  43  57  49  66  61  60  55  53  49  53  44  46
  29  32  38  45  64  60  40  39  32  19  22  17  22   0  19  16  22  29  36  26  32  43  34  51  45  43  38  37  33  37  31  36
  42  45  51  57  75  71  51  50  44  27  34  29  32  19   0  17  19  24  28  19  24  36  28  45  41  41  37  32  37  39  39  45
  37  37  41  45  64  59  38  38  42  28  25  26  19  16  17   0  11  21  31  23  29  43  35  53  49  50  45  41  43  46  42  47
  44  43  46  49  67  62  42  41  48  34  31  32  23  22  19  11   0  14  27  21  26  40  35  53  50  51  47  42  47  50  48  53
  53  53  57  61  78  74  53  53  56  40  41  41  35  29  24  21  14   0  21  20  21  36  32  49  48  51  47  41  51  52  53  58
  60  62  67  72  90  86  65  64  61  44  50  47  46  36  28  31  27  21   0  22  13  26  25  41  40  44  42  36  50  50  55  61
  50  53  58  63  81  77  56  56  52  35  41  37  37  26  19  23  21  20  22   0  19  33  27  44  42  44  40  34  44  44  47  52
  55  58  64  69  88  83  63  62  55  38  47  42  43  32  24  29  26  21  13  19   0  20  18  34  33  37  35  29  44  43  49  55
  64  70  75  82 101  96  76  75  62  47  59  51  57  43  36  43  40  36  26  33  20   0  18  25  25  33  34  30  49  44  56  61
  54  60  66  73  92  88  68  67  52  37  50  41  49  34  28  35  35  32  25  27  18  18   0  25  23  27  26  20  39  34  45  51
  68  76  82  90 109 105  85  84  64  52  67  56  66  51  45  53  53  49  41  44  34  25  25   0  15  24  31  33  49  40  56  60
  61  70  76  84 103  99  79  78  56  46  61  50  61  45  41  49  50  48  40  42  33  25  23  15   0  15  24  28  42  31  49  52
  56  66  72  80  99  95  77  76  50  42  58  46  60  43  41  50  51  51  44  44  37  33  27  24  15   0  20  29  38  24  43  45
  52  62  68  76  95  91  72  71  47  38  53  42  55  38  37  45  47  47  42  40  35  34  26  31  24  20   0  25  33  24  40  43
  55  62  68  76  95  91  71  70  52  38  53  43  53  37  32  41  42  41  36  34  29  30  20  33  28  29  25   0  36  32  43  48
  42  52  58  66  85  82  64  63  37  30  45  32  49  33  37  43  47  51  50  44  44  49  39  49  42  38  33  36   0  24  27  32
  43  54  60  69  87  84  67  66  36  34  48  35  53  37  39  46  50  52  50  44  43  44  34  40  31  24  24  32  24   0  30  30
  29  41  46  55  74  70  54  54  22  29  37  23  44  31  39  42  48  53  55  47  49  56  45  56  49  43  40  43  27  30   0  20
  24  39  43  52  68  66  52  54  15  34  38  26  46  36  45  47  53  58  61  52  55  61  51  60  52  45  43  48  32  30  20   0

   0  22  34  42  16  18  40  28  22  30  32  30  18  26  28  32  24  30  24  34  30  28  24  14  16  18  20  20  22  26  22  32
  34   0  52  60  34  36  58  46  40  48  50  48  36  44  46  50  42  48  42  52  48  46  42  32  34  36  38  38  40  44  40  50
  70  76   0  96  70  72  94  82  76  84  86  84  72  80  82  86  78  84  78  88  84  82  78  68  70  72  74  74  76  80  76  86
  94 100 112   0  94  96 118 106 100 108 110 108  96 104 106 110 102 108 102 112 108 106 102  92  94  96  98  98 100 104 100 110
  16  22  34  42   0  18  40  28  22  30  32  30  18  26  28  32  24  30  24  34  30  28  24  14  16  18  20  20  22  26  22  32
  22  28  40  48  22   0  46  34  28  36  38  36  24  32  34  38  30  36  30  40  36  34  30  20  22  24  26  26  28  32  28  38
  88  94 106 114  88  90   0 100  94 102 104 102  90  98 100 104  96 102  96 106 102 100  96  86  88  90  92  92  94  98  94 104
  52  58  70  78  52  54  76   0  58  66  68  66  54  62  64  68  60  66  60  70  66  64  60  50  52  54  56  56  58  62  58  68
  34  40  52  60  34  36  58  46   0  48  50  48  36  44  46  50  42  48  42  52  48  46  42  32  34  36  38  38  40  44  40  50
  58  64  76  84  58  60  82  70  64   0  74  72  60  68  70  74  66  72  66  76  72  70  66  56  58  60  62  62  64  68  64  74
  64  70  82  90  64  66  88  76  70  78   0  78  66  74  76  80  72  78  72  82  78  76  72  62  64  66  68  68  70  74  70  80
  58  64  76  84  58  60  82  70  64  72  74   0  60  68  70  74  66  72  66  76  72  70  66  56  58  60  62  62  64  68  64  74
  22  28  40  48  22  24  46  34  28  36  38  36   0  32  34  38  30  36  30  40  36  34  30  20  22  24  26  26  28  32  28  38
  46  52  64  72  46  48  70  58  52  60  62  60  48   0  58  62  54  60  54  64  60  58  54  44  46  48  50  50  52  56  52  62
  52  58  70  78  52  54  76  64  58  66  68  66  54  62   0  68  60  66  60  70  66  64  60  50  52  54  56  56  58  62  58  68
  64  70  82  90  64  66  88  76  70  78  80  78  66  74  76   0  72  78  72  82  78  76  72  62  64  66  68  68  70  74  70  80
  40  46  58  66  40  42  64  52  46  54  56  54  42  50  52  56   0  54  48  58  54  52  48  38  40  42  44  44  46  50  46  56
  58  64  76  84  58  60  82  70  64  72  74  72  60  68  70  74  66   0  66  76  72  70  66  56  58  60  62  62  64  68  64  74
  40  46  58  66  40  42  64  52  46  54  56  54  42  50  52  56  48  54   0  58  54  52  48  38  40  42  44  44  46  50  46  56
  70  76  88  96  70  72  94  82  76  84  86  84  72  80  82  86  78  84  78   0  84  82  78  68  70  72  74  74  76  80  76  86
  58  64  76  84  58  60  82  70  64  72  74  72  60  68  70  74  66  72  66  76   0  70  66  56  58  60  62  62  64  68  64  74
  52  58  70  78  52  54  76  64  58  66  68  66  54  62  64  68  60  66  60  70  66   0  60  50  52  54  56  56  58  62  58  68
  40  46  58  66  40  42  64  52  46  54  56  54  42  50  52  56  48  54  48  58  54  52   0  38  40  42  44  44  46  50  46  56
  10  16  28  36  10  12  34  22  16  24  26  24  12  20  22  26  18  24  18  28  24  22  18   0  10  12  14  14  16  20  16  26
  16  22  34  42  16  18  40  28  22  30  32  30  18  26  28  32  24  30  24  34  30  28  24  14   0  18  20  20  22  26  22  32
  22  28  40  48  22  24  46  34  28  36  38  36  24  32  34  38  30  36  30  40  36  34  30  20  22   0  26  26  28  32  28  38
  28  34  46  54  28  30  52  40  34  42  44  42  30  38  40  44  36  42  36  46  42  40  36  26  28  30   0  32  34  38  34  44
  28  34  46  54  28  30  52  40  34  42  44  42  30  38  40  44  36  42  36  46  42  40  36  26  28  30  32   0  34  38  34  44
  34  40  52  60  34  36  58  46  40  48  50  48  36  44  46  50  42  48  42  52  48  46  42  32  34  36  38  38   0  44  40  50
  46  52  64  72  46  48  70  58  52  60  62  60  48  56  58  62  54  60  54  64  60  58  54  44  46  48  50  50  52   0  52  62
  34  40  52  60  34  36  58  46  40  48  50  48  36  44  46  50  42  48  42  52  48  46  42  32  34  36  38  38  40  44   0  50
  64  70  82  90  64  66  88  76  70  78  80  78  66  74  76  80  72  78  72  82  78  76  72  62  64  66  68  68  70  74  70   0

   0  54  56  58  54  58  50  48  54  52  58  62  64  60  54  56  54  58  52  60  62  72  56  46  44  48  54  58  56  60  52  52
  50   0  50  52  48  52  44  42  48  46  52  56  58  54  48  50  48  52  46  54  56  66  50  40  38  42  48  52  50  54  46  46
  56  54   0  58  54  58  50  48  54  52  58  62  64  60  54  56  54  58  52  60  62  72  56  46  44  48  54  58  56  60  52  52
  62  60  62   0  60  64  56  54  60  58  64  68  70  66  60  62  60  64  58  66  68  78  62  52  50  54  60  64  62  66  58  58
  50  48  50  52   0  52  44  42  48  46  52  56  58  54  48  50  48  52  46  54  56  66  50  40  38  42  48  52  50  54  46  46
  62  60  62  64  60   0  56  54  60  58  64  68  70  66  60  62  60  64  58  66  68  78  62  52  50  54  60  64  62  66  58  58
  38  36  38  40  36  40   0  30  36  34  40  44  46  42  36  38  36  40  34  42  44  54  38  28  26  30  36  40  38  42  34  34
  32  30  32  34  30  34  26   0  30  28  34  38  40  36  30  32  30  34  28  36  38  48  32  22  20  24  30  34  32  36  28  28
  50  48  50  52  48  52  44  42   0  46  52  56  58  54  48  50  48  52  46  54  56  66  50  40  38  42  48  52  50  54  46  46
  44  42  44  46  42  46  38  36  42   0  46  50  52  48  42  44  42  46  40  48  50  60  44  34  32  36  42  46  44  48  40  40
  62  60  62  64  60  64  56  54  60  58   0  68  70  66  60  62  60  64  58  66  68  78  62  52  50  54  60  64  62  66  58  58
  74  72  74  76  72  76  68  66  72  70  76   0  82  78  72  74  72  76  70  78  80  90  74  64  62  66  72  76  74  78  70  70
  80  78  80  82  78  82  74  72  78  76  82  86   0  84  78  80  78  82  76  84  86  96  80  70  68  72  78  82  80  84  76  76
  68  66  68  70  66  70  62  60  66  64  70  74  76   0  66  68  66  70  64  72  74  84  68  58  56  60  66  70  68  72  64  64
  50  48  50  52  48  52  44  42  48  46  52  56  58  54   0  50  48  52  46  54  56  66  50  40  38  42  48  52  50  54  46  46
  56  54  56  58  54  58  50  48  54  52  58  62  64  60  54   0  54  58  52  60  62  72  56  46  44  48  54  58  56  60  52  52
  50  48  50  52  48  52  44  42  48  46  52  56  58  54  48  50   0  52  46  54  56  66  50  40  38  42  48  52  50  54  46  46
  62  60  62  64  60  64  56  54  60  58  64  68  70  66  60  62  60   0  58  66  68  78  62  52  50  54  60  64  62  66  58  58
  44  42  44  46  42  46  38  36  42  40  46  50  52  48  42  44  42  46   0  48  50  60  44  34  32  36  42  46  44  48  40  40
  68  66  68  70  66  70  62  60  66  64  70  74  76  72  66  68  66  70  64   0  74  84  68  58  56  60  66  70  68  72  64  64
  74  72  74  76  72  76  68  66  72  70  76  80  82  78  72  74  72  76  70  78   0  90  74  64  62  66  72  76  74  78  70  70
 104 102 104 106 102 106  98  96 102 100 106 110 112 108 102 104 102 106 100 108 110   0 104  94  92  96 102 106 104 108 100 100
  56  54  56  58  54  58  50  48  54  52  58  62  64  60  54  56  54  58  52  60  62  72   0  46  44  48  54  58  56  60  52  52
  26  24  26  28  24  28  20  18  24  22  28  32  34  30  24  26  24  28  22  30  32  42  26   0  14  18  24  28  26  30  22  22
  20  18  20  22  18  22  14  12  18  16  22  26  28  24  18  20  18  22  16  24  26  36  20  10   0  12  18  22  20  24  16  16
  32  30  32  34  30  34  26  24  30  28  34  38  40  36  30  32  30  34  28  36  38  48  32  22  20   0  30  34  32  36  28  28
  50  48  50  52  48  52  44  42  48  46  52  56  58  54  48  50  48  52  46  54  56  66  50  40  38  42   0  52  50  54  46  46
  62  60  62  64  60  64  56  54  60  58  64  68  70  66  60  62  60  64  58  66  68  78  62  52  50  54  60   0  62  66  58  58
  56  54  56  58  54  58  50  48  54  52  58  62  64  60  54  56  54  58  52  60  62  72  56  46  44  48  54  58   0  60  52  52
  68  66  68  70  66  70  62  60  66  64  70  74  76  72  66  68  66  70  64  72  74  84  68  58  56  60  66  70  68   0  64  64
  44  42  44  46  42  46  38  36  42  40  46  50  52  48  42  44  42  46  40  48  50  60  44  34  32  36  42  46  44  48   0  40
  44  42  44  46  42  46  38  36  42  40  46  50  52  48  42  44  42  46  40  48  50  60  44  34  32  36  42  46  44  48  40   0

   0  34  28  26  20  38  26  32  36  32  30  32  20  44  48  46  28  28  34  38  28  28  34  22  20  22  36  38  30  30  36  34
  54   0  58  56  50  68  56  62  66  62  60  62  50  74  78  76  58  58  64  68  58  58  64  52  50  52  66  68  60  60  66  64
  36  46   0  38  32  50  38  44  48  44  42  44  32  56  60  58  40  40  46  50  40  40  46  34  32  34  48  50  42  42  48  46
  30  40  34   0  26  44  32  38  42  38  36  38  26  50  54  52  34  34  40  44  34  34  40  28  26  28  42  44  36  36  42  40
  12  22  16  14   0  26  14  20  24  20  18  20   8  32  36  34  16  16  22  26  16  16  22  10   8  10  24  26  18  18  24  22
  66  76  70  68  62   0  68  74  78  74  72  74  62  86  90  88  70  70  76  80  70  70  76  64  62  64  78  80  72  72  78  76
  30  40  34  32  26  44   0  38  42  38  36  38  26  50  54  52  34  34  40  44  34  34  40  28  26  28  42  44  36  36  42  40
  48  58  52  50  44  62  50   0  60  56  54  56  44  68  72  70  52  52  58  62  52  52  58  46  44  46  60  62  54  54  60  58
  60  70  64  62  56  74  62  68   0  68  66  68  56  80  84  82  64  64  70  74  64  64  70  58  56  58  72  74  66  66  72  70
  48  58  52  50  44  62  50  56  60   0  54  56  44  68  72  70  52  52  58  62  52  52  58  46  44  46  60  62  54  54  60  58
  42  52  46  44  38  56  44  50  54  50   0  50  38  62  66  64  46  46  52  56  46  46  52  40  38  40  54  56  48  48  54  52
  48  58  52  50  44  62  50  56  60  56  54   0  44  68  72  70  52  52  58  62  52  52  58  46  44  46  60  62  54  54  60  58
  12  22  16  14   8  26  14  20  24  20  18  20   0  32  36  34  16  16  22  26  16  16  22  10   8  10  24  26  18  18  24  22
  84  94  88  86  80  98  86  92  96  92  90  92  80   0 108 106  88  88  94  98  88  88  94  82  80  82  96  98  90  90  96  94
  96 106 100  98  92 110  98 104 108 104 102 104  92 116   0 118 100 100 106 110 100 100 106  94  92  94 108 110 102 102 108 106
  90 100  94  92  86 104  92  98 102  98  96  98  86 110 114   0  94  94 100 104  94  94 100  88  86  88 102 104  96  96 102 100
  36  46  40  38  32  50  38  44  48  44  42  44  32  56  60  58   0  40  46  50  40  40  46  34  32  34  48  50  42  42  48  46
  36  46  40  38  32  50  38  44  48  44  42  44  32  56  60  58  40   0  46  50  40  40  46  34  32  34  48  50  42  42  48  46
  54  64  58  56  50  68  56  62  66  62  60  62  50  74  78  76  58  58   0  68  58  58  64  52  50  52  66  68  60  60  66  64
  66  76  70  68  62  80  68  74  78  74  72  74  62  86  90  88  70  70  76   0  70  70  76  64  62  64  78  80  72  72  78  76
  36  46  40  38  32  50  38  44  48  44  42  44  32  56  60  58  40  40  46  50   0  40  46  34  32  34  48  50  42  42  48  46
  36  46  40  38  32  50  38  44  48  44  42  44  32  56  60  58  40  40  46  50  40   0  46  34  32  34  48  50  42  42  48  46
  54  64  58  56  50  68  56  62  66  62  60  62  50  74  78  76  58  58  64  68  58  58   0  52  50  52  66  68  60  60  66  64
  18  28  22  20  14  32  20  26  30  26  24  26  14  38  42  40  22  22  28  32  22  22  28   0  14  16  30  32  24  24  30  28
  12  22  16  14   8  26  14  20  24  20  18  20   8  32  36  34  16  16  22  26  16  16  22  10   0  10  24  26  18  18  24  22
  18  28  22  20  14  32  20  26  30  26  24  26  14  38  42  40  22  22  28  32  22  22  28  16  14   0  30  32  24  24  30  28
  60  70  64  62  56  74  62  68  72  68  66  68  56  80  84  82  64  64  70  74  64  64  70  58  56  58   0  74  66  66  72  70
  66  76  70  68  62  80  68  74  78  74  72  74  62  86  90  88  70  70  76  80  70  70  76  64  62  64  78   0  72  72  78  76
  42  52  46  44  38  56  44  50  54  50  48  50  38  62  66  64  46  46  52  56  46  46  52  40  38  40  54  56   0  48  54  52
  42  52  46  44  38  56  44  50  54  50  48  50  38  62  66  64  46  46  52  56  46  46  52  40  38  40  54  56  48   0  54  52
  60  70  64  62  56  74  62  68  72  68  66  68  56  80  84  82  64  64  70  74  64  64  70  58  56  58  72  74  66  66   0  70
  54  64  58  56  50  68  56  62  66  62  60  62  50  74  78  76  58  58  64  68  58  58  64  52  50  52  66  68  60  60  66   0

   0  20  30  26  16  18  30  22  32  20  26  36  28  24  22  20  36  34  24  28  30  24  30  26  16  20  18  22  34  30  22  26
  28   0  42  38  28  30  42  34  44  32  38  48  40  36  34  32  48  46  36  40  42  36  42  38  28  32  30  34  46  42  34  38
  58  62   0  68  58  60  72  64  74  62  68  78  70  66  64  62  78  76  66  70  72  66  72  68  58  62  60  64  76  72  64  68
  46  50  60   0  46  48  60  52  62  50  56  66  58  54  52  50  66  64  54  58  60  54  60  56  46  50  48  52  64  60  52  56
  16  20  30  26   0  18  30  22  32  20  26  36  28  24  22  20  36  34  24  28  30  24  30  26  16  20  18  22  34  30  22  26
  22  26  36  32  22   0  36  28  38  26  32  42  34  30  28  26  42  40  30  34  36  30  36  32  22  26  24  28  40  36  28  32
  58  62  72  68  58  60   0  64  74  62  68  78  70  66  64  62  78  76  66  70  72  66  72  68  58  62  60  64  76  72  64  68
  34  38  48  44  34  36  48   0  50  38  44  54  46  42  40  38  54  52  42  46  48  42  48  44  34  38  36  40  52  48  40  44
  64  68  78  74  64  66  78  70   0  68  74  84  76  72  70  68  84  82  72  76  78  72  78  74  64  68  66  70  82  78  70  74
  28  32  42  38  28  30  42  34  44   0  38  48  40  36  34  32  48  46  36  40  42  36  42  38  28  32  30  34  46  42  34  38
  46  50  60  56  46  48  60  52  62  50   0  66  58  54  52  50  66  64  54  58  60  54  60  56  46  50  48  52  64  60  52  56
  76  80  90  86  76  78  90  82  92  80  86   0  88  84  82  80  96  94  84  88  90  84  90  86  76  80  78  82  94  90  82  86
  52  56  66  62  52  54  66  58  68  56  62  72   0  60  58  56  72  70  60  64  66  60  66  62  52  56  54  58  70  66  58  62
  40  44  54  50  40  42  54  46  56  44  50  60  52   0  46  44  60  58  48  52  54  48  54  50  40  44  42  46  58  54  46  50
  34  38  48  44  34  36  48  40  50  38  44  54  46  42   0  38  54  52  42  46  48  42  48  44  34  38  36  40  52  48  40  44
  28  32  42  38  28  30  42  34  44  32  38  48  40  36  34   0  48  46  36  40  42  36  42  38  28  32  30  34  46  42  34  38
  76  80  90  86  76  78  90  82  92  80  86  96  88  84  82  80   0  94  84  88  90  84  90  86  76  80  78  82  94  90  82  86
  70  74  84  80  70  72  84  76  86  74  80  90  82  78  76  74  90   0  78  82  84  78  84  80  70  74  72  76  88  84  76  80
  40  44  54  50  40  42  54  46  56  44  50  60  52  48  46  44  60  58   0  52  54  48  54  50  40  44  42  46  58  54  46  50
  52  56  66  62  52  54  66  58  68  56  62  72  64  60  58  56  72  70  60   0  66  60  66  62  52  56  54  58  70  66  58  62
  58  62  72  68  58  60  72  64  74  62  68  78  70  66  64  62  78  76  66  70   0  66  72  68  58  62  60  64  76  72  64  68
  40  44  54  50  40  42  54  46  56  44  50  60  52  48  46  44  60  58  48  52  54   0  54  50  40  44  42  46  58  54  46  50
  58  62  72  68  58  60  72  64  74  62  68  78  70  66  64  62  78  76  66  70  72  66   0  68  58  62  60  64  76  72  64  68
  46  50  60  56  46  48  60  52  62  50  56  66  58  54  52  50  66  64  54  58  60  54  60   0  46  50  48  52  64  60  52  56
  16  20  30  26  16  18  30  22  32  20  26  36  28  24  22  20  36  34  24  28  30  24  30  26   0  20  18  22  34  30  22  26
  28  32  42  38  28  30  42  34  44  32  38  48  40  36  34  32  48  46  36  40  42  36  42  38  28   0  30  34  46  42  34  38
  22  26  36  32  22  24  36  28  38  26  32  42  34  30  28  26  42  40  30  34  36  30  36  32  22  26   0  28  40  36  28  32
  34  38  48  44  34  36  48  40  50  38  44  54  46  42  40  38  54  52  42  46  48  42  48  44  34  38  36   0  52  48  40  44
  70  74  84  80  70  72  84  76  86  74  80  90  82  78  76  74  90  88  78  82  84  78  84  80  70  74  72  76   0  84  76  80
  58  62  72  68  58  60  72  64  74  62  68  78  70  66  64  62  78  76  66  70  72  66  72  68  58  62  60  64  76   0  64  68
  34  38  48  44  34  36  48  40  50  38  44  54  46  42  40  38  54  52  42  46  48  42  48  44  34  38  36  40  52  48   0  44
  46  50  60  56  46  48  60  52  62  50  56  66  58  54  52  50  66  64  54  58  60  54  60  56  46  50  48  52  64  60  52   0