32 4

   0  19  37  13  24  30  31  19  47  54  71  64  39  66  54  58  67  85  84  81  51  41  45  30  23  20  27  48  39  18  61  12
  19   0  37  21  27  39  39  31  58  66  82  75  51  78  65  67  78  96  95  93  63  52  55  37  29  31  38  60  50  29  72  22
  37  37   0  33  48  58  59  45  73  80  97  87  60  87  68  68  83 105 105 104  72  56  59  37  32  40  52  73  65  45  79  40
  13  21  33   0  30  35  37  23  51  58  75  66  40  68  54  57  67  86  86  84  53  41  44  28  20  20  30  51  43  23  62  19
  24  27  48  30   0  31  29  30  52  61  76  72  52  77  69  73  80  95  94  89  63  57  60  47  39  34  37  57  44  25  74  18
  30  39  58  35  31   0  21  22  39  47  63  59  43  65  61  67  69  83  80  75  52  50  55  47  43  29  25  44  31  15  64  19
  31  39  59  37  29  21   0  26  38  48  62  60  47  67  65  71  72  85  82  76  55  54  59  51  46  33  28  45  31  19  67  21
  19  31  45  23  30  22  26   0  33  40  57  49  27  53  45  50  55  71  69  66  38  33  38  32  31  12  12  34  25  10  49  17
  47  58  73  51  52  39  38  33   0  12  27  25  37  37  48  55  46  51  47  40  33  42  52  56  58  35  24  14  13  32  43  41
  54  66  80  58  61  47  48  40  12   0  20  16  41  31  47  54  40  43  38  31  32  44  55  61  65  41  31  12  21  40  41  50
  71  82  97  75  76  63  62  57  27  20   0  24  57  41  62  68  51  48  39  28  47  60  71  77  81  57  47  29  36  55  54  65
  64  75  87  66  72  59  60  49  25  16  24   0  46  25  46  52  34  34  29  25  33  45  58  66  71  47  39  19  32  50  37  59
  39  51  60  40  52  43  47  27  37  41  57  46   0  43  34  40  43  61  61  61  28  23  31  36  41  18  19  30  30  29  38  36
  66  78  87  68  77  65  67  53  37  31  41  25  43   0  37  42  24  33  33  36  30  40  54  62  70  46  41  26  40  53  29  62
  54  65  68  54  69  61  65  45  48  47  62  46  34  37   0  17  27  52  54  59  30  19  35  42  53  34  38  38  46  48  25  54
  58  67  68  57  73  67  71  50  55  54  68  52  40  42  17   0  30  56  58  65  38  25  39  44  55  39  45  46  54  54  32  59
  67  78  83  67  80  69  72  55  46  40  51  34  43  24  27  30   0  33  36  44  33  35  50  59  68  47  46  36  48  58  23  66
  85  96 105  86  95  83  85  71  51  43  48  34  61  33  52  56  33   0  23  33  47  55  70  79  87  64  59  41  56  70  43  80
  84  95 105  86  94  80  82  69  47  38  39  29  61  33  54  58  36  23   0  24  48  58  72  81  88  64  58  39  53  70  46  79
  81  93 104  84  89  75  76  66  40  31  28  25  61  36  59  65  44  33  24   0  49  60  74  82  87  63  55  35  47  66  50  75
  51  63  72  53  63  52  55  38  33  32  47  33  28  30  30  38  33  47  48  49   0  27  40  48  55  31  28  23  32  40  27  48
  41  52  56  41  57  50  54  33  42  44  60  45  23  40  19  25  35  55  58  60  27   0  23  31  41  22  28  35  39  37  30  43
  45  55  59  44  60  55  59  38  52  55  71  58  31  54  35  39  50  70  72  74  40  23   0  31  41  23  32  43  44  39  42  43
  30  37  37  28  47  47  51  32  56  61  77  66  36  62  42  44  59  79  81  82  48  31  31   0  23  20  33  51  48  34  53  34
  23  29  32  20  39  43  46  31  58  65  81  71  41  70  53  55  68  87  88  87  55  41  41  23   0  23  35  56  49  31  62  28
  20  31  40  20  34  29  33  12  35  41  57  47  18  46  34  39  47  64  64  63  31  22  23  20  23   0  14  34  28  17  42  21
  27  38  52  30  37  25  28  12  24  31  47  39  19  41  38  45  46  59  58  55  28  28  32  33  35  14   0  24  17  15  41  24
  48  60  73  51  57  44  45  34  14  12  29  19  30  26  38  46  36  41  39  35  23  35  43  51  56  34  24   0  19  35  35  45
  39  50  65  43  44  31  31  25  13  21  36  32  30  40  46  54  48  56  53  47  32  39  44  48  49  28  17  19   0  24  46  33
  18  29  45  23  25  15  19  10  32  40  55  50  29  53  48  54  58  70  70  66  40  37  39  34  31  17  15  35  24   0  53  12
  61  72  79  62  74  64  67  49  43  41  54  37  38  29  25  32  23  43  46  50  27  30  42  53  62  42  41  35  46  53   0  58
  12  22  40  19  18  19  21  17  41  50  65  59  36  62  54  59  66  80  79  75  48  43  43  34  28  21  24  45  33  12  58   0

   0  22  22   9  22  27  29  28  56  56  73  66  32  69  58  61  72  79  84  82  46  46  33  24  16  24  33  57  49  24  56  13
  22   0  26  21  29  40  41  44  71  72  88  81  48  85  73  74  87  94  99  98  62  61  47  35  26  39  48  73  64  39  71  27
  22  26   0  20  37  46  48  45  73  73  90  80  44  81  63  62  79  90  96  96  58  52  38  22  16  35  49  73  66  42  65  32
   9  21  20   0  27  31  34  31  59  59  76  67  32  70  57  59  71  79  85  84  47  45  31  21  12  23  35  59  52  28  56  19
  22  29  37  27   0  28  27  39  61  63  78  74  45  80  73  76  85  89  94  90  58  62  48  41  32  38  43  66  54  31  69  19
  27  40  46  31  28   0  19  31  48  49  65  61  36  68  65  70  74  77  80  76  47  55  43  41  36  33  31  53  41  21  59  20
  29  41  48  34  27  19   0  35  47  50  64  62  40  70  69  74  77  79  82  77  50  59  47  45  39  37  34  54  41  25  62  22
  28  44  45  31  39  31  35   0  49  49  66  58  27  63  56  60  67  72  76  74  40  45  33  33  31  23  25  50  42  23  51  25
  56  71  73  59  61  48  47  49   0  22  37  35  38  48  60  66  59  53  55  49  36  55  48  58  59  47  38  31  31  46  46  50
  56  72  73  59  63  49  50  49  22   0  25  21  37  37  54  60  48  40  41  35  30  52  46  58  61  48  40  24  34  49  39  54
  73  88  90  76  78  65  64  66  37  25   0  29  53  47  69  74  59  45  42  32  45  68  62  74  77  64  56  41  49  64  52  69
  66  81  80  67  74  61  62  58  35  21  29   0  42  31  53  58  42  31  32  29  31  53  49  63  67  54  48  31  45  59  35  63
  32  48  44  32  45  36  40  27  38  37  53  42   0  43  35  40  45  52  58  59  20  25  16  27  31  19  22  36  37  32  30  34
  69  85  81  70  80  68  70  63  48  37  47  31  43   0  44  48  32  30  36  40  28  48  45  59  66  53  50  38  53  62  27  66
  58  73  63  57  73  65  69  56  60  54  69  53  35  44   0  25  37  51  59  65  30  29  28  41  51  43  49  52  61  59  25  60
  61  74  62  59  76  70  74  60  66  60  74  58  40  48  25   0  39  54  62  70  37  34  31  42  52  47  55  59  68  64  31  64
  72  87  79  71  85  74  77  67  59  48  59  42  45  32  37  39   0  32  41  50  33  45  43  58  66  56  57  50  63  69  23  72
  79  94  90  79  89  77  79  72  53  40  45  31  52  30  51  54  32   0  20  31  39  57  55  70  77  65  62  47  63  73  35  78
  84  99  96  85  94  80  82  76  55  41  42  32  58  36  59  62  41  20   0  27  45  65  62  77  83  70  66  50  65  78  43  82
  82  98  96  84  90  76  77  74  49  35  32  29  59  40  65  70  50  31  27   0  46  67  64  78  82  69  63  46  59  74  47  78
  46  62  58  47  58  47  50  40  36  30  45  31  20  28  30  37  33  39  45  46   0  30  26  40  46  33  32  30  40  44  20  47
  46  61  52  45  62  55  59  45  55  52  68  53  25  48  29  34  45  57  65  67  30   0  16  30  39  31  39  49  54  48  30  49
  33  47  38  31  48  43  47  33  48  46  62  49  16  45  28  31  43  55  62  64  26  16   0  19  28  21  32  46  48  39  31  38
  24  35  22  21  41  41  45  33  58  58  74  63  27  59  41  42  58  70  77  78  40  30  19   0  14  22  37  58  56  38  46  33
  16  26  16  12  32  36  39  31  59  61  77  67  31  66  51  52  66  77  83  82  46  39  28  14   0  24  38  62  56  34  54  26
  24  39  35  23  38  33  37  23  47  48  64  54  19  53  43  47  56  65  70  69  33  31  21  22  24   0  25  48  43  28  42  27
  33  48  49  35  43  31  34  25  38  40  56  48  22  50  49  55  57  62  66  63  32  39  32  37  38  25   0  39  33  27  42  31
  57  73  73  59  66  53  54  50  31  24  41  31  36  38  52  59  50  47  50  46  30  49  46  58  62  48  39   0  36  48  37  53
  49  64  66  52  54  41  41  42  31  34  49  45  37  53  61  68  63  63  65  59  40  54  48  56  56  43  33  36   0  38  49  42
  24  39  42  28  31  21  25  23  46  49  64  59  32  62  59  64  69  73  78  74  44  48  39  38  34  28  27  48  38   0  54  19
  56  71  65  56  69  59  62  51  46  39  52  35  30  27  25  31  23  35  43  47  20  30  31  46  54  42  42  37  49  54   0  58
  13  27  32  19  19  20  22  25  50  54  69  63  34  66  60  64  72  78  82  78  47  49  38  33  26  27  31  53  42  19  58   0

   0  10  30  11  18  23  25  25  52  62  76  73  34  58  49  57  64  87  86  79  45  40  33  33  26  33  32  50  45  24  54  11
  10   0  24  13  15  26  27  31  57  68  81  78  40  64  54  60  69  92  91  85  51  45  37  34  26  38  37  56  50  29  59  15
  30  24   0  26  37  46  48  46  73  83  97  91  50  74  58  62  75 102 102  97  61  50  42  35  30  48  52  70  66  46  67  34
  11  13  26   0  23  27  30  28  55  65  79  74  34  59  48  55  63  87  87  81  46  39  31  30  22  32  34  52  48  28  54  17
  18  15  37  23   0  20  19  32  53  65  77  77  43  65  60  68  73  93  92  83  53  52  44  46  38  43  38  55  46  27  63  13
  23  26  46  27  20   0  10  23  39  50  63  63  33  52  51  61  61  80  77  68  41  44  38  45  41  37  25  41  32  16  52  13
  25  27  48  30  19  10   0  28  39  52  63  65  38  55  56  66  65  83  80  70  45  49  43  50  45  42  29  43  33  21  56  16
  25  31  46  28  32  23  28   0  42  52  66  62  26  49  44  53  56  77  75  68  36  36  30  39  38  29  21  40  35  20  46  20
  52  57  73  55  53  39  39  42   0  23  35  37  35  32  46  57  46  56  52  41  30  44  43  62  64  51  32  19  22  41  39  43
  62  68  83  65  65  50  52  52  23   0  30  30  41  28  47  58  42  50  45  34  31  48  48  69  73  59  41  19  32  51  39  54
  76  81  97  79  77  63  63  66  35  30   0  36  55  36  60  70  51  53  44  29  44  62  62  83  87  73  55  34  45  64  50  67
  73  78  91  74  77  63  65  62  37  30  36   0  47  23  47  57  37  42  37  29  33  50  52  75  80  66  50  27  44  62  36  64
  34  40  50  34  43  33  38  26  35  41  55  47   0  32  26  36  37  60  60  56  19  19  16  36  41  28  21  29  33  32  28  32
  58  64  74  59  65  52  55  49  32  28  36  23  32   0  26  35  15  29  29  28  18  33  36  59  67  53  40  22  40  53  16  55
  49  54  58  48  60  51  56  44  46  47  60  47  26  26   0  13  21  51  53  54  21  15  20  42  53  44  40  37  49  51  15  50
  57  60  62  55  68  61  66  53  57  58  70  57  36  35  13   0  26  57  59  62  31  23  26  46  57  51  49  47  59  59  24  57
  64  69  75  63  73  61  65  56  46  42  51  37  37  15  21  26   0  33  36  40  25  32  36  60  69  58  49  36  52  62  14  63
  87  92 102  87  93  80  83  77  56  50  53  42  60  29  51  57  33   0  26  32  42  55  59  83  91  78  65  44  63  77  37  80
  86  91 102  87  92  77  80  75  52  45  44  37  60  29  53  59  36  26   0  24  44  59  62  86  93  79  65  43  61  78  41  80
  79  85  97  81  83  68  70  68  41  34  29  29  56  28  54  62  40  32  24   0  42  58  61  84  89  75  59  36  52  71  42  73
  45  51  61  46  53  41  45  36  30  31  44  33  19  18  21  31  25  42  44  42   0  22  24  47  54  40  29  21  34  42  16  43
  40  45  50  39  52  44  49  36  44  48  62  50  19  33  15  23  32  55  59  58  22   0  10  33  43  34  32  36  44  42  22  41
  33  37  42  31  44  38  43  30  43  48  62  52  16  36  20  26  36  59  62  61  24  10   0  26  36  28  29  37  42  37  27  34
  33  34  35  30  46  45  50  39  62  69  83  75  36  59  42  46  60  83  86  84  47  33  26   0  28  35  40  55  56  42  48  35
  26  26  30  22  38  41  45  38  64  73  87  80  41  67  53  57  69  91  93  89  54  43  36  28   0  38  42  60  57  39  57  29
  33  38  48  32  43  37  42  29  51  59  73  66  28  53  44  51  58  78  79  75  40  34  28  35  38   0  28  45  43  32  44  29
  32  37  52  34  38  25  29  21  32  41  55  50  21  40  40  49  49  65  65  59  29  32  29  40  42  28   0  29  26  24  37  26
  50  56  70  52  55  41  43  40  19  19  34  27  29  22  37  47  36  44  43  36  21  36  37  55  60  45  29   0  26  42  29  45
  45  50  66  48  46  32  33  35  22  32  45  44  33  40  49  59  52  63  61  52  34  44  42  56  57  43  26  26   0  34  43  36
  24  29  46  28  27  16  21  20  41  51  64  62  32  53  51  59  62  77  78  71  42  42  37  42  39  32  24  42  34   0  50  15
  54  59  67  54  63  52  56  46  39  39  50  36  28  16  15  24  14  37  41  42  16  22  27  48  57  44  37  29  43  50   0  53
  11  15  34  17  13  13  16  20  43  54  67  64  32  55  50  57  63  80  80  73  43  41  34  35  29  29  26  45  36  15  53   0

   0  16  35  17  22  29  32  28  55  57  69  65  37  64  57  68  71  78  83  77  46  51  39  34  23  26  41  56  46  30  60  22
  16   0  30  20  20  33  35  35  61  64  75  71  44  71  63  72  77  84  89  84  53  57  44  36  24  32  47  63  52  36  66  27
  35  30   0  32  41  52  55  49  76  78  90  83  53  80  66  73  82  93  99  95  62  61  48  36  27  41  61  76  67  52  73  45
  17  20  32   0  28  34  38  32  59  61  73  67  38  66  57  67  71  79  85  80  48  51  38  32  20  26  44  59  50  35  61  29
  22  20  41  28   0  25  25  34  55  59  69  68  45  70  67  78  79  83  88  80  53  62  49  46  34  35  46  60  46  32  68  23
  29  33  52  34  25   0  18  27  43  46  57  56  37  59  60  73  69  72  75  67  43  56  45  47  39  31  35  48  34  23  59  25
  32  35  55  38  25  18   0  32  43  48  57  58  42  62  65  78  73  75  78  69  47  61  50  52  43  36  39  50  35  28  63  28
  28  35  49  32  34  27  32   0  43  45  57  52  27  53  50  62  61  66  70  64  35  45  34  38  33  20  28  44  34  24  50  29
  55  61  76  59  55  43  43  43   0  17  27  28  37  37  53  67  52  46  48  38  30  54  48  62  60  43  40  24  22  46  44  53
  57  64  78  61  59  46  48  45  17   0  17  16  38  28  49  63  43  35  36  26  26  53  48  64  64  46  44  19  27  51  39  59
  69  75  90  73  69  57  57  57  27  17   0  20  50  34  60  73  50  36  33  19  37  65  60  76  76  58  56  32  38  62  48  70
  65  71  83  67  68  56  58  52  28  16  20   0  41  20  46  59  35  24  25  18  25  52  49  67  68  50  50  24  36  59  33  66
  37  44  53  38  45  37  42  27  37  38  50  41   0  37  33  46  43  50  56  53  19  29  21  36  37  20  29  34  33  37  33  42
  64  71  80  66  70  59  62  53  37  28  34  20  37   0  35  47  23  21  27  27  20  45  43  61  65  47  50  29  42  60  23  67
  57  63  66  57  67  60  65  50  53  49  60  46  33  35   0  26  30  44  52  54  24  28  28  45  52  39  51  45  52  59  23  63
  68  72  73  67  78  73  78  62  67  63  73  59  46  47  26   0  37  52  60  64  36  38  36  51  58  48  62  57  64  69  34  72
  71  77  82  71  79  69  73  61  52  43  50  35  43  23  30  37   0  25  34  39  27  44  43  62  67  52  59  43  54  69  21  75
  78  84  93  79  83  72  75  66  46  35  36  24  50  21  44  52  25   0  14  21  34  57  56  75  79  62  65  41  55  74  34  82
  83  89  99  85  88  75  78  70  48  36  33  25  56  27  52  60  34  14   0  16  39  64  62  81  84  66  68  43  56  78  41  85
  77  84  95  80  80  67  69  64  38  26  19  18  53  27  54  64  39  21  16   0  38  64  62  80  81  63  63  37  48  72  43  79
  46  53  62  48  53  43  47  35  30  26  37  25  19  20  24  36  27  34  39  38   0  30  27  45  48  30  35  24  32  45  19  51
  51  57  61  51  62  56  61  45  54  53  65  52  29  45  28  38  44  57  64  64  30   0  20  38  44  31  45  46  49  52  32  56
  39  44  48  38  49  45  50  34  48  48  60  49  21  43  28  36  43  56  62  62  27  20   0  28  34  22  39  44  44  44  34  46
  34  36  36  32  46  47  52  38  62  64  76  67  36  61  45  51  62  75  81  80  45  38  28   0  23  26  47  59  55  46  52  44
  23  24  27  20  34  39  43  33  60  64  76  68  37  65  52  58  67  79  84  81  48  44  34  23   0  25  45  60  52  39  57  34
  26  32  41  26  35  31  36  20  43  46  58  50  20  47  39  48  52  62  66  63  30  31  22  26  25   0  29  43  36  30  42  32
  41  47  61  44  46  35  39  28  40  44  56  50  29  50  51  62  59  65  68  63  35  45  39  47  45  29   0  38  30  33  46  40
  56  63  76  59  60  48  50  44  24  19  32  24  34  29  45  57  43  41  43  37  24  46  44  59  60  43  38   0  28  49  36  57
  46  52  67  50  46  34  35  34  22  27  38  36  33  42  52  64  54  55  56  48  32  49  44  55  52  36  30  28   0  37  46  44
  30  36  52  35  32  23  28  24  46  51  62  59  37  60  59  69  69  74  78  72  45  52  44  46  39  30  33  49  37   0  57  27
  60  66  73  61  68  59  63  50  44  39  48  33  33  23  23  34  21  34  41  43  19  32  34  52  57  42  46  36  46  57   0  64
  22  27  45  29  23  25  28  29  53  59  70  66  42  67  63  72  75  82  85  79  51  56  46  44  34  32  40  57  44  27  64   0

   0  44  30  36  30  28  40  38  34  30  40  46  52  36  42  44  46  28  26  28  36  40  42  44  38  40  34  42  50  52  36  28
  68   0  66  72  66  64  76  74  70  66  76  82  88  72  78  80  82  64  62  64  72  76  78  80  74  76  70  78  86  88  72  64
  26  38   0  30  24  22  34  32  28  24  34  40  46  30  36  38  40  22  20  22  30  34  36  38  32  34  28  36  44  46  30  22
  44  56  42   0  42  40  52  50  46  42  52  58  64  48  54  56  58  40  38  40  48  52  54  56  50  52  46  54  62  64  48  40
  26  38  24  30   0  22  34  32  28  24  34  40  46  30  36  38  40  22  20  22  30  34  36  38  32  34  28  36  44  46  30  22
  20  32  18  24  18   0  28  26  22  18  28  34  40  24  30  32  34  16  14  16  24  28  30  32  26  28  22  30  38  40  24  16
  56  68  54  60  54  52   0  62  58  54  64  70  76  60  66  68  70  52  50  52  60  64  66  68  62  64  58  66  74  76  60  52
  50  62  48  54  48  46  58   0  52  48  58  64  70  54  60  62  64  46  44  46  54  58  60  62  56  58  52  60  68  70  54  46
  38  50  36  42  36  34  46  44   0  36  46  52  58  42  48  50  52  34  32  34  42  46  48  50  44  46  40  48  56  58  42  34
  26  38  24  30  24  22  34  32  28   0  34  40  46  30  36  38  40  22  20  22  30  34  36  38  32  34  28  36  44  46  30  22
  56  68  54  60  54  52  64  62  58  54   0  70  76  60  66  68  70  52  50  52  60  64  66  68  62  64  58  66  74  76  60  52
  74  86  72  78  72  70  82  80  76  72  82   0  94  78  84  86  88  70  68  70  78  82  84  86  80  82  76  84  92  94  78  70
  92 104  90  96  90  88 100  98  94  90 100 106   0  96 102 104 106  88  86  88  96 100 102 104  98 100  94 102 110 112  96  88
  44  56  42  48  42  40  52  50  46  42  52  58  64   0  54  56  58  40  38  40  48  52  54  56  50  52  46  54  62  64  48  40
  62  74  60  66  60  58  70  68  64  60  70  76  82  66   0  74  76  58  56  58  66  70  72  74  68  70  64  72  80  82  66  58
  68  80  66  72  66  64  76  74  70  66  76  82  88  72  78   0  82  64  62  64  72  76  78  80  74  76  70  78  86  88  72  64
  74  86  72  78  72  70  82  80  76  72  82  88  94  78  84  86   0  70  68  70  78  82  84  86  80  82  76  84  92  94  78  70
  20  32  18  24  18  16  28  26  22  18  28  34  40  24  30  32  34   0  14  16  24  28  30  32  26  28  22  30  38  40  24  16
  14  26  12  18  12  10  22  20  16  12  22  28  34  18  24  26  28  10   0  10  18  22  24  26  20  22  16  24  32  34  18  10
  20  32  18  24  18  16  28  26  22  18  28  34  40  24  30  32  34  16  14   0  24  28  30  32  26  28  22  30  38  40  24  16
  44  56  42  48  42  40  52  50  46  42  52  58  64  48  54  56  58  40  38  40   0  52  54  56  50  52  46  54  62  64  48  40
  56  68  54  60  54  52  64  62  58  54  64  70  76  60  66  68  70  52  50  52  60   0  66  68  62  64  58  66  74  76  60  52
  62  74  60  66  60  58  70  68  64  60  70  76  82  66  72  74  76  58  56  58  66  70   0  74  68  70  64  72  80  82  66  58
  68  80  66  72  66  64  76  74  70  66  76  82  88  72  78  80  82  64  62  64  72  76  78   0  74  76  70  78  86  88  72  64
  50  62  48  54  48  46  58  56  52  48  58  64  70  54  60  62  64  46  44  46  54  58  60  62   0  58  52  60  68  70  54  46
  56  68  54  60  54  52  64  62  58  54  64  70  76  60  66  68  70  52  50  52  60  64  66  68  62   0  58  66  74  76  60  52
  38  50  36  42  36  34  46  44  40  36  46  52  58  42  48  50  52  34  32  34  42  46  48  50  44  46   0  48  56  58  42  34
  62  74  60  66  60  58  70  68  64  60  70  76  82  66  72  74  76  58  56  58  66  70  72  74  68  70  64   0  80  82  66  58
  86  98  84  90  84  82  94  92  88  84  94 100 106  90  96  98 100  82  80  82  90  94  96  98  92  94  88  96   0 106  90  82
  92 104  90  96  90  88 100  98  94  90 100 106 112  96 102 104 106  88  86  88  96 100 102 104  98 100  94 102 110   0  96  88
  44  56  42  48  42  40  52  50  46  42  52  58  64  48  54  56  58  40  38  40  48  52  54  56  50  52  46  54  62  64   0  40
  20  32  18  24  18  16  28  26  22  18  28  34  40  24  30  32  34  16  14  16  24  28  30  32  26  28  22  30  38  40  24   0

   0  22  26  22  32  28  30  36  38  34  36  42  36  32  28  44  36  32  22  26  24  42  40  28  36  28  30  46  32  34  36  44
  18   0  20  16  26  22  24  30  32  28  30  36  30  26  22  38  30  26  16  20  18  36  34  22  30  22  24  40  26  28  30  38
  30  28   0  28  38  34  36  42  44  40  42  48  42  38  34  50  42  38  28  32  30  48  46  34  42  34  36  52  38  40  42  50
  18  16  20   0  26  22  24  30  32  28  30  36  30  26  22  38  30  26  16  20  18  36  34  22  30  22  24  40  26  28  30  38
  48  46  50  46   0  52  54  60  62  58  60  66  60  56  52  68  60  56  46  50  48  66  64  52  60  52  54  70  56  58  60  68
  36  34  38  34  44   0  42  48  50  46  48  54  48  44  40  56  48  44  34  38  36  54  52  40  48  40  42  58  44  46  48  56
  42  40  44  40  50  46   0  54  56  52  54  60  54  50  46  62  54  50  40  44  42  60  58  46  54  46  48  64  50  52  54  62
  60  58  62  58  68  64  66   0  74  70  72  78  72  68  64  80  72  68  58  62  60  78  76  64  72  64  66  82  68  70  72  80
  66  64  68  64  74  70  72  78   0  76  78  84  78  74  70  86  78  74  64  68  66  84  82  70  78  70  72  88  74  76  78  86
  54  52  56  52  62  58  60  66  68   0  66  72  66  62  58  74  66  62  52  56  54  72  70  58  66  58  60  76  62  64  66  74
  60  58  62  58  68  64  66  72  74  70   0  78  72  68  64  80  72  68  58  62  60  78  76  64  72  64  66  82  68  70  72  80
  78  76  80  76  86  82  84  90  92  88  90   0  90  86  82  98  90  86  76  80  78  96  94  82  90  82  84 100  86  88  90  98
  60  58  62  58  68  64  66  72  74  70  72  78   0  68  64  80  72  68  58  62  60  78  76  64  72  64  66  82  68  70  72  80
  48  46  50  46  56  52  54  60  62  58  60  66  60   0  52  68  60  56  46  50  48  66  64  52  60  52  54  70  56  58  60  68
  36  34  38  34  44  40  42  48  50  46  48  54  48  44   0  56  48  44  34  38  36  54  52  40  48  40  42  58  44  46  48  56
  84  82  86  82  92  88  90  96  98  94  96 102  96  92  88   0  96  92  82  86  84 102 100  88  96  88  90 106  92  94  96 104
  60  58  62  58  68  64  66  72  74  70  72  78  72  68  64  80   0  68  58  62  60  78  76  64  72  64  66  82  68  70  72  80
  48  46  50  46  56  52  54  60  62  58  60  66  60  56  52  68  60   0  46  50  48  66  64  52  60  52  54  70  56  58  60  68
  18  16  20  16  26  22  24  30  32  28  30  36  30  26  22  38  30  26   0  20  18  36  34  22  30  22  24  40  26  28  30  38
  30  28  32  28  38  34  36  42  44  40  42  48  42  38  34  50  42  38  28   0  30  48  46  34  42  34  36  52  38  40  42  50
  24  22  26  22  32  28  30  36  38  34  36  42  36  32  28  44  36  32  22  26   0  42  40  28  36  28  30  46  32  34  36  44
  78  76  80  76  86  82  84  90  92  88  90  96  90  86  82  98  90  86  76  80  78   0  94  82  90  82  84 100  86  88  90  98
  72  70  74  70  80  76  78  84  86  82  84  90  84  80  76  92  84  80  70  74  72  90   0  76  84  76  78  94  80  82  84  92
  36  34  38  34  44  40  42  48  50  46  48  54  48  44  40  56  48  44  34  38  36  54  52   0  48  40  42  58  44  46  48  56
  60  58  62  58  68  64  66  72  74  70  72  78  72  68  64  80  72  68  58  62  60  78  76  64   0  64  66  82  68  70  72  80
  36  34  38  34  44  40  42  48  50  46  48  54  48  44  40  56  48  44  34  38  36  54  52  40  48   0  42  58  44  46  48  56
  42  40  44  40  50  46  48  54  56  52  54  60  54  50  46  62  54  50  40  44  42  60  58  46  54  46   0  64  50  52  54  62
  90  88  92  88  98  94  96 102 104 100 102 108 102  98  94 110 102  98  88  92  90 108 106  94 102  94  96   0  98 100 102 110
  48  46  50  46  56  52  54  60  62  58  60  66  60  56  52  68  60  56  46  50  48  66  64  52  60  52  54  70   0  58  60  68
  54  52  56  52  62  58  60  66  68  64  66  72  66  62  58  74  66  62  52  56  54  72  70  58  66  58  60  76  62   0  66  74
  60  58  62  58  68  64  66  72  74  70  72  78  72  68  64  80  72  68  58  62  60  78  76  64  72  64  66  82  68  70   0  80
  84  82  86  82  92  88  90  96  98  94  96 102  96  92  88 104  96  92  82  86  84 102 100  88  96  88  90 106  92  94  96   0

   0  22  26  24  38  36  40  46  34  48  36  30  32  38  40  28  32  24  22  20  24  34  20  36  44  42  48  30  36  38  32  20
  18   0  20  18  32  30  34  40  28  42  30  24  26  32  34  22  26  18  16  14  18  28  14  30  38  36  42  24  30  32  26  14
  30  28   0  30  44  42  46  52  40  54  42  36  38  44  46  34  38  30  28  26  30  40  26  42  50  48  54  36  42  44  38  26
  24  22  26   0  38  36  40  46  34  48  36  30  32  38  40  28  32  24  22  20  24  34  20  36  44  42  48  30  36  38  32  20
  66  64  68  66   0  78  82  88  76  90  78  72  74  80  82  70  74  66  64  62  66  76  62  78  86  84  90  72  78  80  74  62
  60  58  62  60  74   0  76  82  70  84  72  66  68  74  76  64  68  60  58  56  60  70  56  72  80  78  84  66  72  74  68  56
  72  70  74  72  86  84   0  94  82  96  84  78  80  86  88  76  80  72  70  68  72  82  68  84  92  90  96  78  84  86  80  68
  90  88  92  90 104 102 106   0 100 114 102  96  98 104 106  94  98  90  88  86  90 100  86 102 110 108 114  96 102 104  98  86
  54  52  56  54  68  66  70  76   0  78  66  60  62  68  70  58  62  54  52  50  54  64  50  66  74  72  78  60  66  68  62  50
  96  94  98  96 110 108 112 118 106   0 108 102 104 110 112 100 104  96  94  92  96 106  92 108 116 114 120 102 108 110 104  92
  60  58  62  60  74  72  76  82  70  84   0  66  68  74  76  64  68  60  58  56  60  70  56  72  80  78  84  66  72  74  68  56
  42  40  44  42  56  54  58  64  52  66  54   0  50  56  58  46  50  42  40  38  42  52  38  54  62  60  66  48  54  56  50  38
  48  46  50  48  62  60  64  70  58  72  60  54   0  62  64  52  56  48  46  44  48  58  44  60  68  66  72  54  60  62  56  44
  66  64  68  66  80  78  82  88  76  90  78  72  74   0  82  70  74  66  64  62  66  76  62  78  86  84  90  72  78  80  74  62
  72  70  74  72  86  84  88  94  82  96  84  78  80  86   0  76  80  72  70  68  72  82  68  84  92  90  96  78  84  86  80  68
  36  34  38  36  50  48  52  58  46  60  48  42  44  50  52   0  44  36  34  32  36  46  32  48  56  54  60  42  48  50  44  32
  48  46  50  48  62  60  64  70  58  72  60  54  56  62  64  52   0  48  46  44  48  58  44  60  68  66  72  54  60  62  56  44
  24  22  26  24  38  36  40  46  34  48  36  30  32  38  40  28  32   0  22  20  24  34  20  36  44  42  48  30  36  38  32  20
  18  16  20  18  32  30  34  40  28  42  30  24  26  32  34  22  26  18   0  14  18  28  14  30  38  36  42  24  30  32  26  14
  12  10  14  12  26  24  28  34  22  36  24  18  20  26  28  16  20  12  10   0  12  22   8  24  32  30  36  18  24  26  20   8
  24  22  26  24  38  36  40  46  34  48  36  30  32  38  40  28  32  24  22  20   0  34  20  36  44  42  48  30  36  38  32  20
  54  52  56  54  68  66  70  76  64  78  66  60  62  68  70  58  62  54  52  50  54   0  50  66  74  72  78  60  66  68  62  50
  12  10  14  12  26  24  28  34  22  36  24  18  20  26  28  16  20  12  10   8  12  22   0  24  32  30  36  18  24  26  20   8
  60  58  62  60  74  72  76  82  70  84  72  66  68  74  76  64  68  60  58  56  60  70  56   0  80  78  84  66  72  74  68  56
  84  82  86  84  98  96 100 106  94 108  96  90  92  98 100  88  92  84  82  80  84  94  80  96   0 102 108  90  96  98  92  80
  78  76  80  78  92  90  94 100  88 102  90  84  86  92  94  82  86  78  76  74  78  88  74  90  98   0 102  84  90  92  86  74
  96  94  98  96 110 108 112 118 106 120 108 102 104 110 112 100 104  96  94  92  96 106  92 108 116 114   0 102 108 110 104  92
  42  40  44  42  56  54  58  64  52  66  54  48  50  56  58  46  50  42  40  38  42  52  38  54  62  60  66   0  54  56  50  38
  60  58  62  60  74  72  76  82  70  84  72  66  68  74  76  64  68  60  58  56  60  70  56  72  80  78  84  66   0  74  68  56
  66  64  68  66  80  78  82  88  76  90  78  72  74  80  82  70  74  66  64  62  66  76  62  78  86  84  90  72  78   0  74  62
  48  46  50  48  62  60  64  70  58  72  60  54  56  62  64  52  56  48  46  44  48  58  44  60  68  66  72  54  60  62   0  44
  12  10  14  12  26  24  28  34  22  36  24  18  20  26  28  16  20  12  10   8  12  22   8  24  32  30  36  18  24  26  20   0

   0  54  52  46  42  38  34  40  42  28  40  34  46  42  36  40  54  52  36  44  26  38  34  48  36  40  42  38  40  36  46  34
  98   0 118 112 108 104 100 106 108  94 106 100 112 108 102 106 120 118 102 110  92 104 100 114 102 106 108 104 106 102 112 100
  92 114   0 106 102  98  94 100 102  88 100  94 106 102  96 100 114 112  96 104  86  98  94 108  96 100 102  98 100  96 106  94
  74  96  94   0  84  80  76  82  84  70  82  76  88  84  78  82  96  94  78  86  68  80  76  90  78  82  84  80  82  78  88  76
  62  84  82  76   0  68  64  70  72  58  70  64  76  72  66  70  84  82  66  74  56  68  64  78  66  70  72  68  70  66  76  64
  50  72  70  64  60   0  52  58  60  46  58  52  64  60  54  58  72  70  54  62  44  56  52  66  54  58  60  56  58  54  64  52
  38  60  58  52  48  44   0  46  48  34  46  40  52  48  42  46  60  58  42  50  32  44  40  54  42  46  48  44  46  42  52  40
  56  78  76  70  66  62  58   0  66  52  64  58  70  66  60  64  78  76  60  68  50  62  58  72  60  64  66  62  64  60  70  58
  62  84  82  76  72  68  64  70   0  58  70  64  76  72  66  70  84  82  66  74  56  68  64  78  66  70  72  68  70  66  76  64
  20  42  40  34  30  26  22  28  30   0  28  22  34  30  24  28  42  40  24  32  14  26  22  36  24  28  30  26  28  24  34  22
  56  78  76  70  66  62  58  64  66  52   0  58  70  66  60  64  78  76  60  68  50  62  58  72  60  64  66  62  64  60  70  58
  38  60  58  52  48  44  40  46  48  34  46   0  52  48  42  46  60  58  42  50  32  44  40  54  42  46  48  44  46  42  52  40
  74  96  94  88  84  80  76  82  84  70  82  76   0  84  78  82  96  94  78  86  68  80  76  90  78  82  84  80  82  78  88  76
  62  84  82  76  72  68  64  70  72  58  70  64  76   0  66  70  84  82  66  74  56  68  64  78  66  70  72  68  70  66  76  64
  44  66  64  58  54  50  46  52  54  40  52  46  58  54   0  52  66  64  48  56  38  50  46  60  48  52  54  50  52  48  58  46
  56  78  76  70  66  62  58  64  66  52  64  58  70  66  60   0  78  76  60  68  50  62  58  72  60  64  66  62  64  60  70  58
  98 120 118 112 108 104 100 106 108  94 106 100 112 108 102 106   0 118 102 110  92 104 100 114 102 106 108 104 106 102 112 100
  92 114 112 106 102  98  94 100 102  88 100  94 106 102  96 100 114   0  96 104  86  98  94 108  96 100 102  98 100  96 106  94
  44  66  64  58  54  50  46  52  54  40  52  46  58  54  48  52  66  64   0  56  38  50  46  60  48  52  54  50  52  48  58  46
  68  90  88  82  78  74  70  76  78  64  76  70  82  78  72  76  90  88  72   0  62  74  70  84  72  76  78  74  76  72  82  70
  14  36  34  28  24  20  16  22  24  10  22  16  28  24  18  22  36  34  18  26   0  20  16  30  18  22  24  20  22  18  28  16
  50  72  70  64  60  56  52  58  60  46  58  52  64  60  54  58  72  70  54  62  44   0  52  66  54  58  60  56  58  54  64  52
  38  60  58  52  48  44  40  46  48  34  46  40  52  48  42  46  60  58  42  50  32  44   0  54  42  46  48  44  46  42  52  40
  80 102 100  94  90  86  82  88  90  76  88  82  94  90  84  88 102 100  84  92  74  86  82   0  84  88  90  86  88  84  94  82
  44  66  64  58  54  50  46  52  54  40  52  46  58  54  48  52  66  64  48  56  38  50  46  60   0  52  54  50  52  48  58  46
  56  78  76  70  66  62  58  64  66  52  64  58  70  66  60  64  78  76  60  68  50  62  58  72  60   0  66  62  64  60  70  58
  62  84  82  76  72  68  64  70  72  58  70  64  76  72  66  70  84  82  66  74  56  68  64  78  66  70   0  68  70  66  76  64
  50  72  70  64  60  56  52  58  60  46  58  52  64  60  54  58  72  70  54  62  44  56  52  66  54  58  60   0  58  54  64  52
  56  78  76  70  66  62  58  64  66  52  64  58  70  66  60  64  78  76  60  68  50  62  58  72  60  64  66  62   0  60  70  58
  44  66  64  58  54  50  46  52  54  40  52  46  58  54  48  52  66  64  48  56  38  50  46  60  48  52  54  50  52   0  58  46
  74  96  94  88  84  80  76  82  84  70  82  76  88  84  78  82  96  94  78  86  68  80  76  90  78  82  84  80  82  78   0  76
  38  60  58  52  48  44  40  46  48  34  46  40  52  48  42  46  60  58  42  50  32  44  40  54  42  46  48  44  46  42  52   0