30 3

   0  98  67  98 125  88  51  71 128  58  72  86 101 101  46  63  63  89  78  82  60 115  74  31  90 107 129  99  97  39
  98   0  73  37  38  82  73  47  42  46  29  30  71  14  84  34  60  34  58  84  82  39  53  86  72  24  44  59  57  81
  67  73   0  88 100 107  45  70  95  54  56  70 109  76  75  50  41  76  27 103  26  76  33  53 103  86  94  50  98  61
  98  37  88   0  49  65  78  41  61  45  34  34  52  35  78  37  69  32  77  68  94  63  69  88  54  33  65  82  38  81
 125  38 100  49   0  95 100  70  27  71  55  55  80  30 108  60  88  56  82 100 110  43  80 113  84  28  33  78  68 108
  88  82 107  65  95   0  84  53 107  56  62  69  42  80  63  59  85  68 104  29 106 108  95  84  28  79 111 117  52  75
  51  73  45  78 100  84   0  53 100  37  46  61  91  75  51  38  33  66  50  80  42  86  45  35  83  81 100  71  82  37
  71  47  70  41  70  53  53   0  78  21  24  34  54  50  53  20  49  35  66  54  74  74  57  62  49  52  81  78  44  55
 128  42  95  61  27 107 100  78   0  78  61  62  95  36 116  66  89  65  75 113 107  28  76 116  99  40  14  67  83 113
  58  46  54  45  71  56  37  21  78   0  20  34  61  50  44  12  35  37  54  57  59  69  44  49  55  54  80  68  51  42
  72  29  56  34  55  62  46  24  61  20   0  19  61  34  60  10  40  25  50  66  65  55  41  62  59  40  64  60  48  57
  86  30  70  34  55  69  61  34  62  34  19   0  62  32  70  21  51  22  59  71  76  56  51  74  61  37  63  66  48  68
 101  71 109  52  80  42  91  54  95  61  61  62   0  68  76  57  87  59 103  49 111  96  94  95  31  65  97 112  39  86
 101  14  76  35  30  80  75  50  36  50  34  32  68   0  88  38  65  36  62  86  87  36  57  90  73  18  39  61  57  86
  46  84  75  78 108  63  51  53 116  44  60  70  76  88   0  47  59  71  79  57  71 105  72  43  65  89 115  98  74  35
  63  34  50  37  60  59  38  20  66  12  10  21  57  38  47   0  33  29  47  61  58  58  38  53  57  45  69  59  48  48
  63  60  41  69  88  85  33  49  89  35  40  51  87  65  59  33   0  57  41  83  45  72  33  48  82  70  87  59  77  49
  89  34  76  32  56  68  66  35  65  37  25  22  59  36  71  29  57   0  65  70  82  60  57  78  60  37  66  72  46  72
  78  58  27  77  82 104  50  66  75  54  50  59 103  62  79  47  41  65   0 106  40  55  24  66 103  73  75  25  94  71
  82  84 103  68 100  29  80  54 113  57  66  71  49  86  57  61  83  70 106   0 102 110  93  79  35  82 114 116  56  70
  60  82  26  94 110 106  42  74 107  59  65  76 111  87  71  58  45  82  40 102   0  86  42  46 105  94 105  60 102  57
 115  39  76  63  43 108  86  74  28  69  55  56  96  36 105  58  72  60  55 110  86   0  59 104 102  46  26  45  86 103
  74  53  33  69  80  95  45  57  76  44  41  51  94  57  72  38  33  57  24  93  42  59   0  60  91  66  75  39  83  63
  31  86  53  88 113  84  35  62 116  49  62  74  95  90  43  53  48  78  66  79  46 104  60   0  86  95 115  84  89  31
  90  72 103  54  84  28  83  49  99  55  59  61  31  73  65  57  82  60 103  35 105 102  91  86   0  69 101 111  42  77
 107  24  86  33  28  79  81  52  40  54  40  37  65  18  89  45  70  37  73  82  94  46  66  95  69   0  43  71  54  90
 129  44  94  65  33 111 100  81  14  80  64  63  97  39 115  69  87  66  75 114 105  26  75 115 101  43   0  65  87 114
  99  59  50  82  78 117  71  78  67  68  60  66 112  61  98  59  59  72  25 116  60  45  39  84 111  71  65   0 101  90
  97  57  98  38  68  52  82  44  83  51  48  48  39  57  74  48  77  46  94  56 102  86  83  89  42  54  87 101   0  80
  39  81  61  81 108  75  37  55 113  42  57  68  86  86  35  48  49  72  71  70  57 103  63  31  77  90 114  90  80   0

   0 102  67  95 130  81  53  67 134  65  80  78  90 112  38  75  61  79  89  76  61 125  79  32  82 109 138 105  88  37
 102   0  74  35  44  76  76  44  49  54  38  23  61  26  77  47  59  25  70  79  84  50  59  88  65  27  54  66  49  80
  67  74   0  83 103  98  45  64  99  59  62  60  96  85  65  60  37  64  36  95  25  84  36  52  93  86 101  54  87  57
  95  35  83   0  50  54  76  33  63  48  38  22  37  42  66  45  63  18  84  58  91  69  70  85  42  31  70  84  25  75
 130  44 103  50   0  90 104  68  35  80  65  49  71  43 102  74  88  48  95  96 113  55  87 116  78  32  44  86  61 108
  81  76  98  54  90   0  80  43 107  57  64  55  25  85  49  65  77  52 109  17 101 112  94  79  14  75 114 117  37  67
  53  76  45  76 104  80   0  49 106  44  54  53  80  86  43  50  31  56  61  74  43  96  50  36  75  83 109  77  73  35
  67  44  64  33  68  43  49   0  79  23  27  21  38  56  40  27  42  20  72  43  70  79  57  58  36  49  85  79  30  48
 134  49  99  63  35 107 106  79   0  87  71  56  86  49 110  80  89  57  88 109 110  40  83 119  93  44  25  75  76 113
  65  54  59  48  80  57  44  23  87   0  31  29  53  64  39  27  36  30  68  54  63  82  52  53  50  59  92  77  45  43
  80  38  62  38  65  64  54  27  71  31   0  14  53  48  55  25  41  18  64  63  69  68  49  66  54  45  76  69  42  58
  78  23  60  22  49  55  53  21  56  29  14   0  44  36  55  26  42   5  63  58  70  59  49  68  46  32  65  65  32  59
  90  61  96  37  71  25  80  38  86  53  53  44   0  70  59  60  76  40 105  34 103  97  90  87  14  58  97 109  21  75
 112  26  85  42  43  85  86  56  49  64  48  36  70   0  86  56  69  32  79  86  94  52  68  97  71  26  54  73  54  90
  38  77  65  66 102  49  43  40 110  39  55  55  59  86   0  52  50  54  83  44  65 108  70  37  50  84 117  97  58  26
  75  47  60  45  74  65  50  27  80  27  25  26  60  56  52   0  38  26  65  62  66  75  50  61  56  54  85  72  46  53
  61  59  37  63  88  77  31  42  89  36  41  42  76  69  50  38   0  44  49  74  43  79  35  46  71  69  93  62  65  44
  79  25  64  18  48  52  56  20  57  30  18   5  40  32  54  26  44   0  67  55  74  61  53  70  43  30  66  69  28  61
  89  70  36  84  95 109  61  72  88  68  64  63 105  79  83  65  49  67   0 106  47  71  35  73 101  81  90  37  91  75
  76  79  95  58  96  17  74  43 109  54  63  58  34  86  44  62  74  55 106   0  97 114  92  74  21  78 117 116  41  62
  61  84  25  91 113 101  43  70 110  63  69  70 103  94  65  66  43  74  47  97   0  95  46  46  96  95 113  65  92  54
 125  50  84  69  55 112  96  79  40  82  68  59  97  52 108  75  79  61  71 114  95   0  69 110  99  53  40  56  82 106
  79  59  36  70  87  94  50  57  83  52  49  49  90  68  70  50  35  53  35  92  46  69   0  63  85  70  86  47  76  63
  32  88  52  85 116  79  36  58 119  53  66  68  87  97  37  61  46  70  73  74  46 110  63   0  77  96 123  89  79  28
  82  65  93  42  78  14  75  36  93  50  54  46  14  71  50  56  71  43 101  21  96  99  85  77   0  64 103 110  26  68
 109  27  86  31  32  75  83  49  44  59  45  32  58  26  84  54  69  30  81  78  95  53  70  96  64   0  52  77  45  88
 138  54 101  70  44 114 109  85  25  92  76  65  97  54 117  85  93  66  90 117 113  40  86 123 103  52   0  75  82 116
 105  66  54  84  86 117  77  79  75  77  69  65 109  73  97  72  62  69  37 116  65  56  47  89 110  77  75   0  94  90
  88  49  87  25  61  37  73  30  76  45  42  32  21  54  58  46  65  28  91  41  92  82  76  79  26  45  82  94   0  70
  37  80  57  75 108  67  35  48 113  43  58  59  75  90  26  53  44  61  75  62  54 106  63  28  68  88 116  90  70   0

   0  97  57  95 129  80  37  67 128  64  79  85  92 106  40  70  48  85  83  72  53 118  66  22  85 104 133 104  89  27
  97   0  69  40  48  80  65  49  48  58  42  35  68  25  84  47  51  36  69  80  81  48  51  83  73  27  54  70  55  75
  57  69   0  85 104  99  31  66  95  60  63  69 100  81  69  57  26  72  32  93  19  79  25  44  98  83  98  55  90  49
  95  40  85   0  58  62  69  42  66  56  46  38  48  45  77  49  59  33  87  63  92  71  66  84  54  35  74  92  35  74
 129  48 104  58   0  97  96  76  37  87  72  64  81  45 112  77  83  62  97 100 113  56  82 114  89  35  47  93  70 106
  80  80  99  62  97   0  72  51 109  64  71  70  35  87  59  68  72  66 111  21 101 113  89  77  25  78 117 124  46  65
  37  65  31  69  96  72   0  47  98  41  51  58  80  78  43  43  16  60  53  68  33  87  35  24  76  76 102  74  72  23
  67  49  66  42  76  51  47   0  82  31  35  37  49  59  51  31  38  35  75  48  71  81  53  57  48  53  89  87  40  47
 128  48  95  66  37 109  98  82   0  91  75  68  93  48 117  80  81  68  87 110 107  38  75 114 101  44  25  79  82 108
  64  58  60  56  87  64  41  31  91   0  38  44  63  66  49  30  31  44  70  58  63  83  47  51  61  62  95  84  54  41
  79  42  63  46  72  71  51  35  75  38   0  29  63  50  65  28  36  32  66  67  69  69  44  64  65  48  79  76  51  56
  85  35  69  38  64  70  58  37  68  44  29   0  59  43  70  34  42  24  70  67  75  65  49  71  62  40  73  77  46  62
  92  68 100  48  81  35  80  49  93  63  63  59   0  73  70  64  72  55 108  39 104  99  86  86  26  62 101 117  31  74
 106  25  81  45  45  87  78  59  48  66  50  43  73   0  92  55  60  42  77  86  90  49  59  91  78  25  53  76  59  84
  40  84  69  77 112  59  43  51 117  49  65  70  70  92   0  57  47  70  87  50  67 111  67  37  63  89 122 106  69  26
  70  47  57  49  77  68  43  31  80  30  28  34  64  55  57   0  30  37  64  63  63  73  42  56  64  54  85  76  52  48
  48  51  26  59  83  72  16  38  81  31  36  42  72  60  47  30   0  49  42  69  34  71  21  35  73  63  87  60  65  33
  85  36  72  33  62  66  60  35  68  44  32  24  55  42  70  37  49   0  74  64  79  67  53  73  59  38  74  81  42  64
  83  69  32  87  97 111  53  75  87  70  66  70 108  77  87  64  42  74   0 106  43  68  26  67 108  80  89  40  96  69
  72  80  93  63 100  21  68  48 110  58  67  67  39  86  50  63  69  64 106   0  95 113  85  70  30  79 118 121  48  58
  53  81  19  92 113 101  33  71 107  63  69  75 104  90  67  63  34  79  43  95   0  91  36  39 102  93 111  67  96  47
 118  48  79  71  56 113  87  81  38  83  69  65  99  49 111  73  71  67  68 113  91   0  59 103 105  51  38  58  86  99
  66  51  25  66  82  89  35  53  75  47  44  49  86  59  67  42  21  53  26  85  36  59   0  52  87  64  80  45  76  52
  22  83  44  84 114  77  24  57 114  51  64  71  86  91  37  56  35  73  67  70  39 103  52   0  82  93 120  90  82  20
  85  73  98  54  89  25  76  48 101  61  65  62  26  78  63  64  73  59 108  30 102 105  87  82   0  69 108 119  37  68
 104  27  83  35  35  78  76  53  44  62  48  40  62  25  89  54  63  38  80  79  93  51  64  93  69   0  52  81  51  83
 133  54  98  74  47 117 102  89  25  95  79  73 101  53 122  85  87  74  89 118 111  38  80 120 108  52   0  79  88 111
 104  70  55  92  93 124  74  87  79  84  76  77 117  76 106  76  60  81  40 121  67  58  45  90 119  81  79   0 103  88
  89  55  90  35  70  46  72  40  82  54  51  46  31  59  69  52  65  42  96  48  96  86  76  82  37  51  88 103   0  69
  27  75  49  74 106  65  23  47 108  41  56  62  74  84  26  48  33  64  69  58  47  99  52  20  68  83 111  88  69   0

   0  90  98  90  90  76  96  86 100  74  74  92  80 100  92  84  84  76  96  98  92 102  86  74  74  96  90  84  88  74
  78   0  80  72  72  58  78  68  82  56  56  74  62  82  74  66  66  58  78  80  74  84  68  56  56  78  72  66  70  56
 102  96   0  96  96  82 102  92 106  80  80  98  86 106  98  90  90  82 102 104  98 108  92  80  80 102  96  90  94  80
  78  72  80   0  72  58  78  68  82  56  56  74  62  82  74  66  66  58  78  80  74  84  68  56  56  78  72  66  70  56
  78  72  80  72   0  58  78  68  82  56  56  74  62  82  74  66  66  58  78  80  74  84  68  56  56  78  72  66  70  56
  36  30  38  30  30   0  36  26  40  14  14  32  20  40  32  24  24  16  36  38  32  42  26  14  14  36  30  24  28  14
  96  90  98  90  90  76   0  86 100  74  74  92  80 100  92  84  84  76  96  98  92 102  86  74  74  96  90  84  88  74
  66  60  68  60  60  46  66   0  70  44  44  62  50  70  62  54  54  46  66  68  62  72  56  44  44  66  60  54  58  44
 108 102 110 102 102  88 108  98   0  86  86 104  92 112 104  96  96  88 108 110 104 114  98  86  86 108 102  96 100  86
  30  24  32  24  24  10  30  20  34   0   8  26  14  34  26  18  18  10  30  32  26  36  20   8   8  30  24  18  22   8
  30  24  32  24  24  10  30  20  34   8   0  26  14  34  26  18  18  10  30  32  26  36  20   8   8  30  24  18  22   8
  84  78  86  78  78  64  84  74  88  62  62   0  68  88  80  72  72  64  84  86  80  90  74  62  62  84  78  72  76  62
  48  42  50  42  42  28  48  38  52  26  26  44   0  52  44  36  36  28  48  50  44  54  38  26  26  48  42  36  40  26
 108 102 110 102 102  88 108  98 112  86  86 104  92   0 104  96  96  88 108 110 104 114  98  86  86 108 102  96 100  86
  84  78  86  78  78  64  84  74  88  62  62  80  68  88   0  72  72  64  84  86  80  90  74  62  62  84  78  72  76  62
  60  54  62  54  54  40  60  50  64  38  38  56  44  64  56   0  48  40  60  62  56  66  50  38  38  60  54  48  52  38
  60  54  62  54  54  40  60  50  64  38  38  56  44  64  56  48   0  40  60  62  56  66  50  38  38  60  54  48  52  38
  36  30  38  30  30  16  36  26  40  14  14  32  20  40  32  24  24   0  36  38  32  42  26  14  14  36  30  24  28  14
  96  90  98  90  90  76  96  86 100  74  74  92  80 100  92  84  84  76   0  98  92 102  86  74  74  96  90  84  88  74
 102  96 104  96  96  82 102  92 106  80  80  98  86 106  98  90  90  82 102   0  98 108  92  80  80 102  96  90  94  80
  84  78  86  78  78  64  84  74  88  62  62  80  68  88  80  72  72  64  84  86   0  90  74  62  62  84  78  72  76  62
 114 108 116 108 108  94 114 104 118  92  92 110  98 118 110 102 102  94 114 116 110   0 104  92  92 114 108 102 106  92
  66  60  68  60  60  46  66  56  70  44  44  62  50  70  62  54  54  46  66  68  62  72   0  44  44  66  60  54  58  44
  30  24  32  24  24  10  30  20  34   8   8  26  14  34  26  18  18  10  30  32  26  36  20   0   8  30  24  18  22   8
  30  24  32  24  24  10  30  20  34   8   8  26  14  34  26  18  18  10  30  32  26  36  20   8   0  30  24  18  22   8
  96  90  98  90  90  76  96  86 100  74  74  92  80 100  92  84  84  76  96  98  92 102  86  74  74   0  90  84  88  74
  78  72  80  72  72  58  78  68  82  56  56  74  62  82  74  66  66  58  78  80  74  84  68  56  56  78   0  66  70  56
  60  54  62  54  54  40  60  50  64  38  38  56  44  64  56  48  48  40  60  62  56  66  50  38  38  60  54   0  52  38
  72  66  74  66  66  52  72  62  76  50  50  68  56  76  68  60  60  52  72  74  68  78  62  50  50  72  66  60   0  50
  30  24  32  24  24  10  30  20  34   8   8  26  14  34  26  18  18  10  30  32  26  36  20   8   8  30  24  18  22   0

   0  28  28  36  40  36  40  40  48  28  30  24  48  26  44  22  44  32  34  26  22  38  20  40  20  26  22  40  22  34
  36   0  40  48  52  48  52  52  60  40  42  36  60  38  56  34  56  44  46  38  34  50  32  52  32  38  34  52  34  46
  36  40   0  48  52  48  52  52  60  40  42  36  60  38  56  34  56  44  46  38  34  50  32  52  32  38  34  52  34  46
  60  64  64   0  76  72  76  76  84  64  66  60  84  62  80  58  80  68  70  62  58  74  56  76  56  62  58  76  58  70
  72  76  76  84   0  84  88  88  96  76  78  72  96  74  92  70  92  80  82  74  70  86  68  88  68  74  70  88  70  82
  60  64  64  72  76   0  76  76  84  64  66  60  84  62  80  58  80  68  70  62  58  74  56  76  56  62  58  76  58  70
  72  76  76  84  88  84   0  88  96  76  78  72  96  74  92  70  92  80  82  74  70  86  68  88  68  74  70  88  70  82
  72  76  76  84  88  84  88   0  96  76  78  72  96  74  92  70  92  80  82  74  70  86  68  88  68  74  70  88  70  82
  96 100 100 108 112 108 112 112   0 100 102  96 120  98 116  94 116 104 106  98  94 110  92 112  92  98  94 112  94 106
  36  40  40  48  52  48  52  52  60   0  42  36  60  38  56  34  56  44  46  38  34  50  32  52  32  38  34  52  34  46
  42  46  46  54  58  54  58  58  66  46   0  42  66  44  62  40  62  50  52  44  40  56  38  58  38  44  40  58  40  52
  24  28  28  36  40  36  40  40  48  28  30   0  48  26  44  22  44  32  34  26  22  38  20  40  20  26  22  40  22  34
  96 100 100 108 112 108 112 112 120 100 102  96   0  98 116  94 116 104 106  98  94 110  92 112  92  98  94 112  94 106
  30  34  34  42  46  42  46  46  54  34  36  30  54   0  50  28  50  38  40  32  28  44  26  46  26  32  28  46  28  40
  84  88  88  96 100  96 100 100 108  88  90  84 108  86   0  82 104  92  94  86  82  98  80 100  80  86  82 100  82  94
  18  22  22  30  34  30  34  34  42  22  24  18  42  20  38   0  38  26  28  20  16  32  14  34  14  20  16  34  16  28
  84  88  88  96 100  96 100 100 108  88  90  84 108  86 104  82   0  92  94  86  82  98  80 100  80  86  82 100  82  94
  48  52  52  60  64  60  64  64  72  52  54  48  72  50  68  46  68   0  58  50  46  62  44  64  44  50  46  64  46  58
  54  58  58  66  70  66  70  70  78  58  60  54  78  56  74  52  74  62   0  56  52  68  50  70  50  56  52  70  52  64
  30  34  34  42  46  42  46  46  54  34  36  30  54  32  50  28  50  38  40   0  28  44  26  46  26  32  28  46  28  40
  18  22  22  30  34  30  34  34  42  22  24  18  42  20  38  16  38  26  28  20   0  32  14  34  14  20  16  34  16  28
  66  70  70  78  82  78  82  82  90  70  72  66  90  68  86  64  86  74  76  68  64   0  62  82  62  68  64  82  64  76
  12  16  16  24  28  24  28  28  36  16  18  12  36  14  32  10  32  20  22  14  10  26   0  28   8  14  10  28  10  22
  72  76  76  84  88  84  88  88  96  76  78  72  96  74  92  70  92  80  82  74  70  86  68   0  68  74  70  88  70  82
  12  16  16  24  28  24  28  28  36  16  18  12  36  14  32  10  32  20  22  14  10  26   8  28   0  14  10  28  10  22
  30  34  34  42  46  42  46  46  54  34  36  30  54  32  50  28  50  38  40  32  28  44  26  46  26   0  28  46  28  40
  18  22  22  30  34  30  34  34  42  22  24  18  42  20  38  16  38  26  28  20  16  32  14  34  14  20   0  34  16  28
  72  76  76  84  88  84  88  88  96  76  78  72  96  74  92  70  92  80  82  74  70  86  68  88  68  74  70   0  70  82
  18  22  22  30  34  30  34  34  42  22  24  18  42  20  38  16  38  26  28  20  16  32  14  34  14  20  16  34   0  28
  54  58  58  66  70  66  70  70  78  58  60  54  78  56  74  52  74  62  64  56  52  68  50  70  50  56  52  70  52   0

   0  18  14  28  22  20  22  32  12  22  32  18  34  10  18  22  36  28   8  20  32  10  12  12  16  32  34  14  22  32
  38   0  44  58  52  50  52  62  42  52  62  48  64  40  48  52  66  58  38  50  62  40  42  42  46  62  64  44  52  62
  26  36   0  46  40  38  40  50  30  40  50  36  52  28  36  40  54  46  26  38  50  28  30  30  34  50  52  32  40  50
  68  78  74   0  82  80  82  92  72  82  92  78  94  70  78  82  96  88  68  80  92  70  72  72  76  92  94  74  82  92
  50  60  56  70   0  62  64  74  54  64  74  60  76  52  60  64  78  70  50  62  74  52  54  54  58  74  76  56  64  74
  44  54  50  64  58   0  58  68  48  58  68  54  70  46  54  58  72  64  44  56  68  46  48  48  52  68  70  50  58  68
  50  60  56  70  64  62   0  74  54  64  74  60  76  52  60  64  78  70  50  62  74  52  54  54  58  74  76  56  64  74
  80  90  86 100  94  92  94   0  84  94 104  90 106  82  90  94 108 100  80  92 104  82  84  84  88 104 106  86  94 104
  20  30  26  40  34  32  34  44   0  34  44  30  46  22  30  34  48  40  20  32  44  22  24  24  28  44  46  26  34  44
  50  60  56  70  64  62  64  74  54   0  74  60  76  52  60  64  78  70  50  62  74  52  54  54  58  74  76  56  64  74
  80  90  86 100  94  92  94 104  84  94   0  90 106  82  90  94 108 100  80  92 104  82  84  84  88 104 106  86  94 104
  38  48  44  58  52  50  52  62  42  52  62   0  64  40  48  52  66  58  38  50  62  40  42  42  46  62  64  44  52  62
  86  96  92 106 100  98 100 110  90 100 110  96   0  88  96 100 114 106  86  98 110  88  90  90  94 110 112  92 100 110
  14  24  20  34  28  26  28  38  18  28  38  24  40   0  24  28  42  34  14  26  38  16  18  18  22  38  40  20  28  38
  38  48  44  58  52  50  52  62  42  52  62  48  64  40   0  52  66  58  38  50  62  40  42  42  46  62  64  44  52  62
  50  60  56  70  64  62  64  74  54  64  74  60  76  52  60   0  78  70  50  62  74  52  54  54  58  74  76  56  64  74
  92 102  98 112 106 104 106 116  96 106 116 102 118  94 102 106   0 112  92 104 116  94  96  96 100 116 118  98 106 116
  68  78  74  88  82  80  82  92  72  82  92  78  94  70  78  82  96   0  68  80  92  70  72  72  76  92  94  74  82  92
   8  18  14  28  22  20  22  32  12  22  32  18  34  10  18  22  36  28   0  20  32  10  12  12  16  32  34  14  22  32
  44  54  50  64  58  56  58  68  48  58  68  54  70  46  54  58  72  64  44   0  68  46  48  48  52  68  70  50  58  68
  80  90  86 100  94  92  94 104  84  94 104  90 106  82  90  94 108 100  80  92   0  82  84  84  88 104 106  86  94 104
  14  24  20  34  28  26  28  38  18  28  38  24  40  16  24  28  42  34  14  26  38   0  18  18  22  38  40  20  28  38
  20  30  26  40  34  32  34  44  24  34  44  30  46  22  30  34  48  40  20  32  44  22   0  24  28  44  46  26  34  44
  20  30  26  40  34  32  34  44  24  34  44  30  46  22  30  34  48  40  20  32  44  22  24   0  28  44  46  26  34  44
  32  42  38  52  46  44  46  56  36  46  56  42  58  34  42  46  60  52  32  44  56  34  36  36   0  56  58  38  46  56
  80  90  86 100  94  92  94 104  84  94 104  90 106  82  90  94 108 100  80  92 104  82  84  84  88   0 106  86  94 104
  86  96  92 106 100  98 100 110  90 100 110  96 112  88  96 100 114 106  86  98 110  88  90  90  94 110   0  92 100 110
  26  36  32  46  40  38  40  50  30  40  50  36  52  28  36  40  54  46  26  38  50  28  30  30  34  50  52   0  40  50
  50  60  56  70  64  62  64  74  54  64  74  60  76  52  60  64  78  70  50  62  74  52  54  54  58  74  76  56   0  74
  80  90  86 100  94  92  94 104  84  94 104  90 106  82  90  94 108 100  80  92 104  82  84  84  88 104 106  86  94   0