50 3

   0 100  67  94 119  88  43  71 131  66  70  81  92 110  46  67  63 129  82  82  56 117  74  31  90 108 126 106 137  32 103 101 105  82 102  45  47  56  60  94  65 130  83 126 110  82  86 101  94 157
 100   0  75  35  34  84  67  49  47  56  29  27  64  25  86  40  62  76  64  86  80  43  55  88  74  27  43  68  99  76  48  61  53  44  38  77  83  83  67  79  65  45 129  41  53  38  43  25  34  71
  67  75   0  84  94 107  37  70  98  62  54  65 100  85  75  54  41 116  31 103  22  78  33  53 103  87  91  57 138  54  98  51 100  41  89  40  37  38  24 110  28 105 111  97  64  44  73  73  69 129
  94  35  84   0  40  62  67  38  61  50  29  26  40  41  75  38  66  69  78  65  87  62  66  85  51  31  59  86  75  71  26  80  28  59  22  78  85  86  74  55  73  51 121  50  73  53  38  43  44  87
 119  34  94  40   0  91  88  66  26  75  49  46  67  35 104  60  84  92  82  96 102  41  76 109  80  25  26  81 104  97  43  73  55  63  46  99 105 105  89  82  87  12 148  12  60  57  61  45  55  73
  88  84 107  62  91   0  76  53 110  64  60  64  33  89  63  63  85 108 108  29 102 110  95  84  28  80 108 124  92  68  54 119  61  94  71  86  95  99  93  27  94  98 113  98 116  89  70  88  84 136
  43  67  37  67  88  76   0  48  98  40  39  51  77  79  46  37  28 101  49  75  33  83  40  30  78  77  92  73 117  25  80  68  81  47  74  19  27  30  28  84  32  98  82  94  75  47  57  68  61 124
  71  49  70  38  66  53  48   0  81  29  22  29  45  59  53  24  49  75  70  54  70  76  57  62  49  53  78  85  84  48  48  80  49  55  46  58  66  68  58  56  58  75  98  73  79  51  34  54  48 106
 131  47  98  61  26 110  98  81   0  88  61  59  88  47 118  72  91 107  81 115 105  32  78 118 101  43  13  76 125 108  66  67  76  64  64 106 111 111  93 104  91  35 161  17  53  59  75  53  64  82
  66  56  62  50  75  64  40  29  88   0  24  35  58  65  50  22  41  83  64  63  61  77  50  55  61  61  83  81  97  41  60  76  61  51  56  49  57  59  50  68  50  83  93  80  77  48  39  57  50 111
  70  29  54  29  49  60  39  22  61  24   0  12  50  41  58  12  38  63  52  64  59  55  39  60  57  39  59  65  86  48  45  60  46  35  36  51  58  59  46  64  45  60 100  57  57  30  20  33  27  88
  81  27  65  26  46  64  51  29  59  35  12   0  50  38  67  22  48  59  60  68  69  55  48  71  58  35  57  70  85  58  42  65  44  41  32  62  68  69  56  65  55  56 110  53  60  36  23  33  28  85
  92  64 100  40  67  33  77  45  88  58  50  50   0  71  70  55  81  93 101  43 101  92  88  89  25  60  88 113  73  73  30 107  40  84  52  87  96  98  90  25  90  77 119  77 102  78  58  73  71 117
 110  25  85  41  35  89  79  59  47  65  41  38  71   0  94  48  71  82  72  92  89  44  63  96  79  25  42  74 103  85  49  67  56  52  41  86  92  92  76  83  74  42 137  38  58  46  50  33  42  70
  46  86  75  75 104  63  46  53 118  50  58  67  70  94   0  51  59 111  83  57  67 107  72  43  65  90 112 105 114  28  80 100  82  77  82  50  57  63  62  69  66 111  72 109 105  75  68  87  79 141
  67  40  54  38  60  63  37  24  72  22  12  22  55  48  51   0  36  72  54  64  57  63  41  56  60  49  69  69  91  44  53  64  54  39  45  48  55  56  44  67  44  70  97  67  64  35  28  43  36  98
  63  62  41  66  84  85  28  49  91  41  38  48  81  71  59  36   0  97  45  83  41  74  33  48  82  71  84  66 117  42  79  61  80  39  70  35  40  41  28  89  29  92  98  87  67  38  54  61  54 117
 129  76 116  69  92 108 101  75 107  83  63  59  93  82 111  72  97   0  95  96 104  88  83 104  86  64  89 105 112  91  68 100  70  77  59  96 103 104  91  92  90  86 142  84  95  71  55  66  63 116
  82  64  31  78  82 108  49  70  81  64  52  60 101  72  83  54  45  95   0 109  39  60  27  69 106  77  75  35 137  67  94  29  96  28  83  55  53  54  36 113  35  92 124  83  43  32  70  63  61 117
  82  86 103  65  96  29  75  54 115  63  64  68  43  92  57  64  83  96 109   0  98 112  93  79  35  83 111 123  96  63  60 118  66  93  74  82  90  94  90  35  91 103 107 102 117  89  70  90  85 139
  56  80  22  87 102 102  33  70 105  61  59  69 101  89  67  57  41 104  39  98   0  86  40  44 103  93 100  65 140  48 102  59 103  49  93  34  27  31  27 110  32 112 105 105  73  52  77  80  75 136
 117  43  78  62  41 110  83  76  32  77  55  55  92  44 107  63  74  88  60 112  86   0  60 105 103  48  24  53 127  97  74  43  81  45  66  92  95  95  76 108  74  51 151  36  29  42  70  46  56  84
  74  55  33  66  76  95  40  57  78  50  39  48  88  63  72  41  33  83  27  93  40  60   0  60  91  67  72  46 123  56  81  41  83  22  70  46  47  47  28  99  26  85 112  77  48  24  57  53  50 109
  31  88  53  85 109  84  30  62 118  55  60  71  89  96  43  56  48 104  69  79  44 105  60   0  86  96 112  91 129  24  94  86  95  67  91  30  33  41  45  91  50 117  79 113  95  67  74  87  80 143
  90  74 103  51  80  28  78  49 101  61  57  58  25  79  65  60  82  86 106  35 103 103  91  86   0  70  98 118  82  70  43 113  51  88  61  86  94  98  91  25  91  88 116  88 109  83  63  80  77 126
 108  27  87  31  25  80  77  53  43  61  39  35  60  25  90  49  71  64  77  83  93  48  67  96  70   0  41  79  95  84  38  72  46  56  34  87  93  94  78  74  77  34 136  33  62  50  49  37  45  71
 126  43  91  59  26 108  92  78  13  83  59  57  88  42 112  69  84  89  75 111 100  24  72 112  98  41   0  70 125 105  67  60  76  59  64 103 107 107  89 104  87  37 159  19  46  55  73  50  62  81
 106  68  57  86  81 124  73  85  76  81  65  70 113  74 105  69  66 105  35 123  65  53  46  91 118  79  70   0 145  87  98  16 102  34  87  76  75  76  57 124  56  88 143  77  30  37  79  64  66 114
 137  99 138  75 104  92 117  84 125  97  86  85  73 103 114  91 117 112 137  96 140 127 123 129  82  95 125 145   0  99  57 125  60 102  70 111 119 121 110  71 110  97 147  97 120  96  77  90  89 135
  32  76  54  71  97  68  25  48 108  41  48  58  73  85  28  44  42  91  67  63  48  97  56  24  70  84 105  87  99   0  81  85  83  63  79  32  38  44  45  77  49 107  67 103  91  62  63  79  71 134
 103  48  98  26  43  54  80  48  66  60  45  42  30  49  80  53  79  68  94  60 102  74  81  94  43  38  67  98  57  81   0  95  27  75  37  91  99 101  89  45  88  53 130  53  87  69  53  58  60  98
 101  61  51  80  73 119  68  80  67  76  60  65 107  67 100  64  61 100  29 118  59  43  41  86 113  72  60  16 125  85  95   0 100  34  85  75  74  74  56 123  55  84 142  72  23  36  78  62  65 111
 105  53 100  28  55  61  81  49  76  61  46  44  40  56  82  54  80  70  96  66 103  81  83  95  51  46  76 102  60  83  27 100   0  74  38  89  97  99  87  53  86  62 129  62  89  68  51  59  60 102
  82  44  41  59  63  94  47  55  64  51  35  41  84  52  77  39  39  77  28  93  49  45  22  67  88  56  59  34 102  63  75  34  74   0  63  55  57  57  38  97  36  73 119  64  36  12  53  43  42  97
 102  38  89  22  46  71  74  46  64  56  36  32  52  41  82  45  70  59  83  74  93  66  70  91  61  34  64  87  70  79  37  85  38  63   0  82  89  90  77  65  76  53 127  52  74  54  42  44  46  88
  45  77  40  78  99  86  19  58 106  49  51  62  87  86  50  48  35  96  55  82  34  92  46  30  86  87 103  76 111  32  91  75  89  55  82   0  24  28  31  92  36 107  87 102  81  53  66  76  69 132
  47  83  37  85 105  95  27  66 111  57  58  68  96  92  57  55  40 103  53  90  27  95  47  33  94  93 107  75 119  38  99  74  97  57  89  24   0  26  31 101  37 113  93 107  82  56  73  81  75 138
  56  83  38  86 105  99  30  68 111  59  59  69  98  92  63  56  41 104  54  94  31  95  47  41  98  94 107  76 121  44 101  74  99  57  90  28  26   0  30 103  36 112  99 106  81  55  73  80  74 137
  60  67  24  74  89  93  28  58  93  50  46  56  90  76  62  44  28  91  36  90  27  76  28  45  91  78  89  57 110  45  89  56  87  38  77  31  31  30   0  99  19  98 101  91  64  39  63  66  60 122
  94  79 110  55  82  27  84  56 104  68  64  65  25  83  69  67  89  92 113  35 110 108  99  91  25  74 104 124  71  77  45 123  53  97  65  92 101 103  99   0 101  92 122  92 117  92  72  88  86 133
  65  65  28  73  87  94  32  58  91  50  45  55  90  74  66  44  29  90  35  91  32  74  26  50  91  77  87  56 110  49  88  55  86  36  76  36  37  36  19 101   0  95 104  88  61  36  61  63  58 119
 130  45 105  51  12  98  98  75  35  83  60  56  77  42 111  70  92  86  92 103 112  51  85 117  88  34  37  88  97 107  53  84  62  73  53 107 113 112  98  92  95   0 156  20  68  65  69  53  63  81
  83 129 111 121 148 113  82  98 161  93 100 110 119 137  72  97  98 142 124 107 105 151 112  79 116 136 159 143 147  67 130 142 129 119 127  87  93  99 101 122 104 156   0 139 130 100  98 115 107 170
 126  41  97  50  12  98  94  73  17  80  57  53  77  38 109  67  87  84  83 102 105  36  77 113  88  33  19  77  97 103  53  72  62  64  52 102 107 106  91  92  88  20 139   0  58  60  70  51  62  78
 110  53  64  73  60 116  75  79  53  77  57  60 102  58 105  64  67  95  43 117  73  29  48  95 109  62  46  30 120  91  87  23  89  36  74  81  82  81  64 117  61  68 130  58   0  36  74  53  60  99
  82  38  44  53  57  89  47  51  59  48  30  36  78  46  75  35  38  71  32  89  52  42  24  67  83  50  55  37  96  62  69  36  68  12  54  53  56  55  39  92  36  65 100  60  36   0  48  37  36  91
  86  43  73  38  61  70  57  34  75  39  20  23  58  50  68  28  54  55  70  70  77  70  57  74  63  49  73  79  77  63  53  78  51  53  42  66  73  73  63  72  61  69  98  70  74  48   0  45  39  97
 101  25  73  43  45  88  68  54  53  57  33  33  73  33  87  43  61  66  63  90  80  46  53  87  80  37  50  64  90  79  58  62  59  43  44  76  81  80  66  88  63  53 115  51  53  37  45   0  32  77
  94  34  69  44  55  84  61  48  64  50  27  28  71  42  79  36  54  63  61  85  75  56  50  80  77  45  62  66  89  71  60  65  60  42  46  69  75  74  60  86  58  63 107  62  60  36  39  32   0  88
 157  71 129  87  73 136 124 106  82 111  88  85 117  70 141  98 117 116 117 139 136  84 109 143 126  71  81 114 135 134  98 111 102  97  88 132 138 137 122 133 119  81 170  78  99  91  97  77  88   0

   0  87  59  89 165  70  45  66 121  53  72  78  85 142  37  67  53  79  81  73  46 117  61  24  79 145 130  97  77  29 102 104  94  71  82  39  35  41  49  92  53 120  25 128 104 125  68  85  80 107
  87   0  70  33  83  69  72  47  40  46  34  27  60  60  80  43  55  29  66  80  73  46  45  84  66  67  50  62  42  76  50  67  45  36  21  74  74  71  59  80  56  38  74  46  50  84  28  12  23  24
  59  70   0  85 146  95  45  71  94  55  62  68  99 123  72  60  37  72  36 100  18  84  26  52  98 130 101  54  84  57 103  60  95  36  75  40  31  29  19 114  22 101  59 105  64  93  61  63  61  85
  89  33  85   0  95  53  78  42  60  46  40  32  42  82  75  47  65  28  86  65  86  71  62  87  49  77  72  86  24  77  34  92  26  57  11  81  82  80  72  62  70  50  72  61  76 105  29  36  39  46
 165  83 146  95   0 116 133 104  59 105  94  86 103 110 138 103 117  85 124 130 135  84 106 145 112 105  73 115  87 137  85 119  87  95  69 136 136 133 121 123 118  45 133  57  97 143  86  72  84  66
  70  69  95  53 116   0  78  48 100  51  62  61  26 121  54  63  75  58 107  20  92 110  82  77  17 117 112 115  32  65  53 122  50  83  51  80  83  84  82  25  82  88  55 100 110 132  52  72  70  86
  45  72  45  78 133  78   0  56 101  40  54  61  83 124  50  50  31  64  61  79  36  96  40  36  80 127 109  77  70  35  92  84  83  49  67  26  28  28  30  95  33 101  37 109  82 103  52  65  60  87
  66  47  71  42 104  48  56   0  79  24  32  34  46  99  52  32  47  33  77  53  68  84  52  63  46  98  90  84  32  53  55  91  46  52  34  60  62  61  55  62  54  73  48  83  81 102  24  46  42  64
 121  40  94  60  59 100 101  79   0  80  68  61  86  84 114  77  86  62  85 111 100  37  70 116  95  85  22  72  70 110  70  75  70  58  49 105 104 101  87 107  84  30 108  24  52 107  62  42  55  37
  53  46  55  46 105  51  40  24  80   0  29  35  54 100  44  25  34  36  66  57  54  80  40  51  53 101  90  75  40  41  62  82  53  43  39  46  48  47  42  69  41  76  38  85  74  94  24  44  39  64
  72  34  62  40  94  62  54  32  68  29   0  22  56  86  62  25  41  26  64  68  62  68  39  66  59  89  76  69  39  58  57  76  48  37  29  58  59  57  48  75  46  63  55  72  64  86  15  30  26  51
  78  27  68  32  86  61  61  34  61  35  22   0  53  80  68  32  48  19  69  69  69  65  45  74  57  82  71  71  35  65  51  78  43  40  22  66  66  64  55  73  53  56  62  65  64  89  15  27  24  45
  85  60  99  42 103  26  83  46  86  54  56  53   0 110  68  62  78  50 107  41  98  99  82  89  21 104  99 111  20  77  36 117  36  80  39  88  91  90  86  30  85  74  68  86 103 128  47  64  64  74
 142  60 123  82 110 121 124  99  84 100  86  80 110   0 118  81  94  65 104 116 112  77  83 122 101  95  79  98  76 115  81 103  78  74  54 113 113 110  98 114  95  65 112  73  85 122  65  50  61  53
  37  80  72  75 138  54  50  52 114  44  62  68  68 118   0  57  55  67  88  54  63 113  65  42  60 133 122 102  60  31  85 109  77  72  68  50  51  54  57  73  60 107  20 117 105 124  56  77  71  97
  67  43  60  47 103  63  50  32  77  25  25  32  62  81  57   0  38  34  65  67  59  75  40  61  61  98  85  72  43  53  64  79  55  40  37  54  55  53  45  77  44  72  51  81  70  90  22  39  34  60
  53  55  37  65 117  75  31  47  86  34  41  48  78  94  55  38   0  52  49  79  36  79  25  46  76 113  93  62  62  44  83  69  74  33  55  34  33  31  22  92  22  87  45  94  66  86  41  50  45  72
  79  29  72  28  85  58  64  33  62  36  26  19  50  65  67  34  52   0  73  66  73  67  49  76  54  80  72  75  31  67  46  82  38  45  18  69  70  68  59  69  57  55  63  65  68  93  16  29  28  45
  81  66  36  86 124 107  61  77  85  66  64  69 107 104  88  65  49  73   0 111  40  71  25  73 106 125  90  37  88  75 104  43  96  28  74  60  52  50  36 122  34  93  77  96  48  86  63  58  58  78
  73  80 100  65 130  20  79  53 111  57  68  69  41 116  54  67  79  66 111   0  94 118  86  78  30 126 121 120  42  66  65 127  61  88  60  82  84  85  85  39  85  99  55 110 117 138  58  80  77  95
  46  73  18  86 135  92  36  68 100  54  62  69  98 112  63  59  36  73  40  94   0  91  32  42  97 135 109  61  85  50 106  67  97  43  78  33  20  21  21 113  25 107  52 112  72 100  64  69  66  91
 117  46  84  71  84 110  96  84  37  80  68  65  99  77 113  75  79  67  71 118  91   0  59 110 104  97  40  56  79 106  85  58  82  46  58  98  95  92  77 118  74  53 105  50  35  97  64  42  54  46
  61  45  26  62 106  82  40  52  70  40  39  45  82  83  65  40  25  49  25  86  32  59   0  56  83 107  79  40  66  56  83  47  75  14  53  43  38  35  20 100  17  78  57  82  45  70  42  40  39  62
  24  84  52  87 145  77  36  63 116  51  66  74  89 122  42  61  46  76  73  78  42 110  56   0  82 140 123  89  76  28 100  96  91  63  78  31  28  33  41  96  45 114  28 122  96 117  63  78  73 100
  79  66  98  49 112  17  80  46  95  53  59  57  21 101  60  61  76  54 106  30  97 104  83  82   0 111 106 113  26  71  46 120  44  81  45  84  86  87  84  27  83  82  62  94 107 130  49  68  67  80
 145  67 130  77 105 117 127  98  85 101  89  82 104  95 133  98 113  80 125 126 135  97 107 140 111   0  81 106  71 117  73 111  71  81  50 117 117 115 103 108 101  60 114  71  92 129  67  57  67  57
 130  50 101  72  73 112 109  90  22  90  76  71  99  79 122  85  93  72  90 121 109  40  79 123 106  81   0  75  79 116  80  77  79  62  58 111 109 106  92 116  89  41 115  35  54 112  69  48  62  45
  97  62  54  86 115 115  77  84  72  75  69  71 111  98 102  72  62  75  37 120  61  56  40  89 113 106  75   0  91  90 103  25  97  29  73  76  69  67  52 128  50  84  91  85  30  86  67  54  58  70
  77  42  84  24  87  32  70  32  70  40  39  35  20  76  60  43  62  31  88  42  85  79  66  76  26  71  79  91   0  68  28 100  21  63  22  77  79  78  71  41  70  59  61  71  86 111  31  46  47  57
  29  76  57  77 137  65  35  53 110  41  58  65  77 115  31  53  44  67  75  66  50 106  56  28  71 117 116  90  68   0  89  97  81  61  68  35  35  38  43  84  46 106  18 114  94 114  54  72  66  93
 102  50 103  34  85  53  92  55  70  62  57  51  36  81  85  64  83  46 104  65 106  85  83 100  46  73  80 103  28  89   0 109  27  75  28  96  98  97  89  54  87  54  83  66  92 123  46  53  57  59
 104  67  60  92 119 122  84  91  75  82  76  78 117 103 109  79  69  82  43 127  67  58  47  96 120 111  77  25 100  97 109   0 103  37  79  83  76  73  59 135  57  88  98  88  31  93  74  60  65  75
  94  45  95  26  87  50  83  46  70  53  48  43  36  78  77  55  74  38  96  61  97  82  75  91  44  71  79  97  21  81  27 103   0  67  22  87  89  88  80  55  78  56  75  68  87 115  37  47  50  56
  71  36  36  57  95  83  49  52  58  43  37  40  80  74  72  40  33  45  28  88  43  46  14  63  81  81  62  29  63  61  75  37  67   0  47  53  49  46  31  99  28  67  65  70  34  59  39  31  32  51
  82  21  75  11  69  51  67  34  49  39  29  22  39  54  68  37  55  18  74  60  78  58  53  78  45  50  58  73  22  68  28  79  22  47   0  74  75  73  64  61  62  41  67  52  66  95  22  26  30  36
  39  74  40  81 136  80  26  60 105  46  58  66  88 113  50  54  34  69  60  82  33  98  43  31  84 117 111  76  77  35  96  83  87  53  74   0  20  21  28  98  32 105  37 112  83 104  56  68  63  90
  35  74  31  82 136  83  28  62 104  48  59  66  91 113  51  55  33  70  52  84  20  95  38  28  86 117 109  69  79  35  98  76  89  49  75  20   0  15  24 103  29 107  39 113  80 103  59  69  65  92
  41  71  29  80 133  84  28  61 101  47  57  64  90 110  54  53  31  68  50  85  21  92  35  33  87 115 106  67  78  38  97  73  88  46  73  21  15   0  20 102  25 103  42 109  76  99  56  65  61  88
  49  59  19  72 121  82  30  55  87  42  48  55  86  98  57  45  22  59  36  85  21  77  20  41  84 103  92  52  71  43  89  59  80  31  64  28  24  20   0 101  11  92  47  97  62  86  49  54  50  76
  92  80 114  62 123  25  95  62 107  69  75  73  30 114  73  77  92  69 122  39 113 118 100  96  27 108 116 128  41  84  54 135  55  99  61  98 103 102 101   0 100  93  75 105 122 146  65  83  83  94
  53  56  22  70 118  82  33  54  84  41  46  53  85  95  60  44  22  57  34  85  25  74  17  45  83 101  89  50  70  46  87  57  78  28  62  32  29  25  11 100   0  89  50  94  59  83  47  51  48  73
 120  38 101  50  45  88 101  73  30  76  63  56  74  65 107  72  87  55  93  99 107  53  78 114  82  60  41  84  59 106  54  88  56  67  41 105 107 103  92  93  89   0 103  27  67 113  56  42  54  36
  25  74  59  72 133  55  37  48 108  38  55  62  68 112  20  51  45  63  77  55  52 105  57  28  62 114 115  91  61  18  83  98  75  65  67  37  39  42  47  75  50 103   0 114  97 116  53  72  66  93
 128  46 105  61  57 100 109  83  24  85  72  65  86  73 117  81  94  65  96 110 112  50  82 122  94  71  35  85  71 114  66  88  68  70  52 112 113 109  97 105  94  27 114   0  65 116  65  48  61  41
 104  50  64  76  97 110  82  81  52  74  64  64 103  85 105  70  66  68  48 117  72  35  45  96 107  92  54  30  86  94  92  31  87  34  66  83  80  76  62 122  59  67  97  65   0  87  64  45  54  57
 125  84  93 105 143 132 103 102 107  94  86  89 128 122 124  90  86  93  86 138 100  97  70 117 130 129 112  86 111 114 123  93 115  59  95 104 103  99  86 146  83 113 116 116  87   0  71  62  63  82
  68  28  61  29  86  52  52  24  62  24  15  15  47  65  56  22  41  16  63  58  64  64  42  63  49  67  69  67  31  54  46  74  37  39  22  56  59  56  49  65  47  56  53  65  64  71   0  28  24  46
  85  12  63  36  72  72  65  46  42  44  30  27  64  50  77  39  50  29  58  80  69  42  40  78  68  57  48  54  46  72  53  60  47  31  26  68  69  65  54  83  51  42  72  48  45  62  28   0  19  28
  80  23  61  39  84  70  60  42  55  39  26  24  64  61  71  34  45  28  58  77  66  54  39  73  67  67  62  58  47  66  57  65  50  32  30  63  65  61  50  83  48  54  66  61  54  63  24  19   0  40
 107  24  85  46  66  86  87  64  37  64  51  45  74  53  97  60  72  45  78  95  91  46  62 100  80  57  45  70  57  93  59  75  56  51  36  90  92  88  76  94  73  36  93  41  57  82  46  28  40   0

   0  99  61  97 131  82  41  69 130  66  81  78  86 146  34  72  64  87  85  69  56 120  70  30  87 151 135 106  91  32 110 101  91  76  91  41  47  46 102  97  68 121  29 124 108  89 122  98  80 115
  99   0  71  40  48  80  67  49  48  58  42  26  60  63  76  47  65  36  69  75  82  48  53  89  73  72  54  70  55  78  57  63  41  40  29  75  85  75 111  84  70  38  77  41  53  47  81  24  22  31
  61  71   0  86 105 100  34  67  96  61  64  61  93 120  62  58  41  73  33  89  21  80  28  51  99 129  99  56  91  53 104  50  85  34  77  35  36  27  65 112  30  95  56  94  61  50 108  69  54  86
  97  40  86   0  58  62  71  42  66  56  46  29  40  83  69  49  73  33  87  58  93  71  68  90  54  80  74  92  35  77  39  86  20  59  17  80  91  82 122  64  82  48  73  54  77  66  80  46  36  51
 131  48 105  58   0  97  98  76  37  87  72  55  73  83 104  77  97  62  97  95 114  56  84 120  89  80  47  93  70 109  62  85  53  69  47 107 117 107 143  97 102  15 106  22  70  76 109  54  53  43
  82  80 100  62  97   0  74  51 109  64  71  61  27 125  51  68  86  66 111  16 102 113  91  83  25 123 117 124  46  68  61 119  47  88  60  82  95  89 135  30  97  89  59  96 114  96 106  85  70  94
  41  67  34  71  98  74   0  48  99  42  52  50  73 117  36  44  31  61  54  64  35  88  38  31  77 122 103  75  73  27  89  70  69  43  65  17  29  22  72  89  37  91  30  94  75  56  95  67  49  84
  69  49  67  42  76  51  48   0  82  31  35  28  41  97  43  31  52  35  75  43  72  81  55  63  48  98  89  87  40  50  57  82  37  51  37  56  68  60 102  61  63  68  46  73  79  60  72  53  36  66
 130  48  96  66  37 109  99  82   0  91  75  59  85  86 109  80  95  68  87 105 108  38  77 120 101  89  25  79  82 111  76  70  65  61  56 105 114 104 138 110  97  29 110  18  54  69 114  53  53  43
  66  58  61  56  87  64  42  31  91   0  38  35  55 104  41  30  45  44  70  53  64  83  49  57  61 107  95  84  54  44  70  79  50  48  48  48  60  52  95  74  56  77  42  81  78  58  78  57  39  72
  81  42  64  46  72  71  52  35  75  38   0  20  55  88  57  28  50  32  66  62  70  69  46  70  65  93  79  76  51  59  63  71  43  40  36  58  69  60  99  78  59  62  57  66  66  48  67  41  24  57
  78  26  61  29  55  61  50  28  59  35  20   0  45  75  56  28  50  18  64  56  70  59  45  71  56  79  67  71  40  59  50  66  31  36  22  59  69  60  99  69  59  48  57  52  59  44  60  31  15  44
  86  60  93  40  73  27  73  41  85  55  55  45   0 106  57  59  81  50 103  29 100  94  83  87  21 102  96 112  26  72  36 106  25  77  40  82  95  87 131  27  92  67  64  74  99  84  93  69  56  74
 146  63 120  83  83 125 117  97  86 104  88  75 106   0 109  80  99  67 102 106 116  74  86 122 103  95  78 101  84 112  83  94  69  73  57 109 119 109 145 113 104  60 110  63  83  80 113  57  55  55
  34  76  62  69 104  51  36  43 109  41  57  56  57 109   0  52  56  65  82  40  63 106  64  38  58 129 117 101  64  24  83  96  64  67  67  42  53  49 100  68  65  98  14 103  99  78 100  80  61  95
  72  47  58  49  77  68  44  31  80  30  28  28  59  80  52   0  44  37  64  58  64  73  44  62  64  99  85  76  52  51  67  71  47  40  41  51  62  53  93  77  54  68  50  72  69  49  71  47  29  63
  64  65  41  73  97  86  31  52  95  45  50  50  81  99  56  44   0  59  52  74  45  81  33  51  83 118  97  70  75  46  90  65  70  37  63  35  44  35  74  96  36  87  48  89  69  49  94  62  44  79
  87  36  73  33  62  66  61  35  68  44  32  18  50  67  65  37  59   0  74  59  80  67  55  79  59  83  74  81  42  67  51  76  32  47  24  68  79  70 109  71  69  53  64  58  69  54  67  39  25  50
  85  69  33  87  97 111  54  75  87  70  66  64 103 102  82  64  52  74   0 101  44  68  28  73 108 125  89  40  96  72 106  34  87  27  77  56  58  49  83 121  43  88  75  86  46  44 111  65  52  80
  69  75  89  58  95  16  64  43 105  53  62  56  29 106  40  58  74  59 101   0  93 110  84  73  27 121 115 118  45  58  62 113  47  82  58  73  85  79 127  33  89  89  48  95 110  91 101  82  66  92
  56  82  21  93 114 102  35  72 108  64  70  70 100 116  63  64  45  80  44  93   0  92  39  46 103 139 112  68  97  51 112  62  92  46  85  33  30  24  72 116  38 106  54 106  74  62 116  80  64  97
 120  48  80  71  56 113  88  81  38  83  69  59  94  74 106  73  81  67  68 110  92   0  61 109 105  96  38  58  86 102  86  48  72  44  60  93 100  90 123 116  82  47 102  39  32  54 111  48  47  47
  70  53  28  68  84  91  38  55  77  49  46  45  83  86  64  44  33  55  28  84  39  61   0  60  89 111  82  47  78  57  89  42  70  17  60  43  48  38  71 103  30  77  59  76  47  32  94  51  37  68
  30  89  51  90 120  83  31  63 120  57  70  71  87 122  38  62  51  79  73  73  46 109  60   0  86 142 124  94  86  27 104  89  84  64  83  29  36  34  90  97  56 111  28 114  96  77 113  87  69 104
  87  73  99  54  89  25  77  48 101  61  65  56  21 103  58  64  83  59 108  27 103 105  89  86   0 114 108 119  37  71  51 114  38  83  51  83  95  89 134  29  95  80  63  87 108  91 100  78  64  85
 151  72 129  80  80 123 122  98  89 107  93  79 102  95 129  99 118  83 125 121 139  96 111 142 114   0  82 111  81 116  77 104  64  82  55 115 125 116 152 109 112  57 114  63  92  89 117  66  63  61
 135  54  99  74  47 117 103  89  25  95  79  67  96  78 117  85  97  74  89 115 112  38  82 124 108  82   0  79  88 114  83  69  71  62  62 108 116 106 140 116  99  37 114  26  53  71 118  56  57  48
 106  70  56  92  93 124  75  87  79  84  76  71 112 101 101  76  70  81  40 118  68  58  47  94 119 111  79   0 103  91 109  20  92  32  80  76  79  70 103 131  63  83  93  79  32  48 119  65  56  76
  91  55  91  35  70  46  73  40  82  54  51  40  26  84  64  52  75  42  96  45  97  86  78  86  37  81  88 103   0  72  37  98  19  69  32  80  92  84 125  47  86  61  66  68  91  76  86  60  48  66
  32  78  53  77 109  68  27  50 111  44  59  59  72 112  24  51  46  67  72  58  51 102  57  27  71 116 114  91  72   0  91  88  72  60  71  31  41  37  90  83  55 101  16 104  92  72 102  79  60  95
 110  57 104  39  62  61  89  57  76  70  63  50  36  83  83  67  90  51 106  62 112  86  89 104  51  77  83 109  37  91   0 103  21  77  34  95 107  99 139  56  99  52  84  59  93  84  97  63  54  64
 101  63  50  86  85 119  70  82  70  79  71  66 106  94  96  71  65  76  34 113  62  48  42  89 114 104  69  20  98  88 103   0  89  31  77  74  77  67 101 129  61  78  91  73  24  46 117  62  54  72
  91  41  85  20  53  47  69  37  65  50  43  31  25  69  64  47  70  32  87  47  92  72  70  84  38  64  71  92  19  72  21  89   0  62  21  79  91  83 123  50  83  47  69  54  81  69  81  50  40  54
  76  40  34  59  69  88  43  51  61  48  40  36  77  73  67  40  37  47  27  82  46  44  17  64  83  82  62  32  69  60  77  31  62   0  51  50  56  46  79  99  38  63  64  61  33  18  88  39  27  54
  91  29  77  17  47  60  65  37  56  48  36  22  40  57  67  41  63  24  77  58  85  60  60  83  51  55  62  80  32  71  34  77  21  51   0  74  85  76 115  64  75  40  69  46  68  57  74  37  28  42
  41  75  35  80 107  82  17  56 105  48  58  59  82 109  42  51  35  68  56  73  33  93  43  29  83 115 108  76  80  31  95  74  79  50  74   0  25  19  74  96  40  99  34 101  80  61 103  74  56  91
  47  85  36  91 117  95  29  68 114  60  69  69  95 119  53  62  44  79  58  85  30 100  48  36  95 125 116  79  92  41 107  77  91  56  85  25   0  20  77 108  44 108  43 109  84  67 113  82  65 100
  46  75  27  82 107  89  22  60 104  52  60  60  87 109  49  53  35  70  49  79  24  90  38  34  89 116 106  70  84  37  99  67  83  46  76  19  20   0  68 102  35  99  41 100  75  58 105  73  56  91
 102 111  65 122 143 135  72 102 138  95  99  99 131 145 100  93  74 109  83 127  72 123  71  90 134 152 140 103 125  90 139 101 123  79 115  74  77  68   0 133  53 120  78 120  93  77 130  94  77 111
  97  84 112  64  97  30  89  61 110  74  78  69  27 113  68  77  96  71 121  33 116 116 103  97  29 109 116 131  47  83  56 129  50  99  64  96 108 102 133   0 110  89  74  96 121 105 114  91  78  97
  68  70  30  82 102  97  37  63  97  56  59  59  92 104  65  54  36  69  43  89  38  82  30  56  95 112  99  63  86  55  99  61  83  38  75  40  44  35  53 110   0  92  56  92  65  49 103  66  50  83
 121  38  95  48  15  89  91  68  29  77  62  48  67  60  98  68  87  53  88  89 106  47  77 111  80  57  37  83  61 101  52  78  47  63  40  99 108  99 120  89  92   0  99  15  63  69 102  47  46  36
  29  77  56  73 106  59  30  46 110  42  57  57  64 110  14  50  48  64  75  48  54 102  59  28  63 114 114  93  66  16  84  91  69  64  69  34  43  41  78  74  56  99   0 104  95  74 101  79  60  95
 124  41  94  54  22  96  94  73  18  81  66  52  74  63 103  72  89  58  86  95 106  39  76 114  87  63  26  79  68 104  59  73  54  61  46 101 109 100 120  96  92  15 104   0  58  69 108  50  50  38
 108  53  61  77  70 114  75  79  54  78  66  59  99  83  99  69  69  69  46 110  74  32  47  96 108  92  53  32  91  92  93  24  81  33  68  80  84  75  93 121  65  63  95  58   0  45 112  52  48  59
  89  47  50  66  76  96  56  60  69  58  48  44  84  80  78  49  49  54  44  91  62  54  32  77  91  89  71  48  76  72  84  46  69  18  57  61  67  58  77 105  49  69  74  69  45   0  92  42  30  57
 122  81 108  80 109 106  95  72 114  78  67  60  93 113 100  71  94  67 111 101 116 111  94 113 100 117 118 119  86 102  97 117  81  88  74 103 113 105 130 114 103 102 101 108 112  92   0  69  52  82
  98  24  69  46  54  85  67  53  53  57  41  31  69  57  80  47  62  39  65  82  80  48  51  87  78  66  56  65  60  79  63  62  50  39  37  74  82  73  94  91  66  47  79  50  52  42  69   0  20  37
  80  22  54  36  53  70  49  36  53  39  24  15  56  55  61  29  44  25  52  66  64  47  37  69  64  63  57  56  48  60  54  54  40  27  28  56  65  56  77  78  50  46  60  50  48  30  52  20   0  40
 115  31  86  51  43  94  84  66  43  72  57  44  74  55  95  63  79  50  80  92  97  47  68 104  85  61  48  76  66  95  64  72  54  54  42  91 100  91 111  97  83  36  95  38  59  57  82  37  40   0

   0  90  98  90  90  76  96  86 100  74  74  92  80 100  92  84  84  76  96  98  92 102  86  74  74  96  90  84  88  74  74  74  88  88  74  88  96  80  80  86  80 102 102  98  86  96  88  76  82  74
  78   0  80  72  72  58  78  68  82  56  56  74  62  82  74  66  66  58  78  80  74  84  68  56  56  78  72  66  70  56  56  56  70  70  56  70  78  62  62  68  62  84  84  80  68  78  70  58  64  56
 102  96   0  96  96  82 102  92 106  80  80  98  86 106  98  90  90  82 102 104  98 108  92  80  80 102  96  90  94  80  80  80  94  94  80  94 102  86  86  92  86 108 108 104  92 102  94  82  88  80
  78  72  80   0  72  58  78  68  82  56  56  74  62  82  74  66  66  58  78  80  74  84  68  56  56  78  72  66  70  56  56  56  70  70  56  70  78  62  62  68  62  84  84  80  68  78  70  58  64  56
  78  72  80  72   0  58  78  68  82  56  56  74  62  82  74  66  66  58  78  80  74  84  68  56  56  78  72  66  70  56  56  56  70  70  56  70  78  62  62  68  62  84  84  80  68  78  70  58  64  56
  36  30  38  30  30   0  36  26  40  14  14  32  20  40  32  24  24  16  36  38  32  42  26  14  14  36  30  24  28  14  14  14  28  28  14  28  36  20  20  26  20  42  42  38  26  36  28  16  22  14
  96  90  98  90  90  76   0  86 100  74  74  92  80 100  92  84  84  76  96  98  92 102  86  74  74  96  90  84  88  74  74  74  88  88  74  88  96  80  80  86  80 102 102  98  86  96  88  76  82  74
  66  60  68  60  60  46  66   0  70  44  44  62  50  70  62  54  54  46  66  68  62  72  56  44  44  66  60  54  58  44  44  44  58  58  44  58  66  50  50  56  50  72  72  68  56  66  58  46  52  44
 108 102 110 102 102  88 108  98   0  86  86 104  92 112 104  96  96  88 108 110 104 114  98  86  86 108 102  96 100  86  86  86 100 100  86 100 108  92  92  98  92 114 114 110  98 108 100  88  94  86
  30  24  32  24  24  10  30  20  34   0   8  26  14  34  26  18  18  10  30  32  26  36  20   8   8  30  24  18  22   8   8   8  22  22   8  22  30  14  14  20  14  36  36  32  20  30  22  10  16   8
  30  24  32  24  24  10  30  20  34   8   0  26  14  34  26  18  18  10  30  32  26  36  20   8   8  30  24  18  22   8   8   8  22  22   8  22  30  14  14  20  14  36  36  32  20  30  22  10  16   8
  84  78  86  78  78  64  84  74  88  62  62   0  68  88  80  72  72  64  84  86  80  90  74  62  62  84  78  72  76  62  62  62  76  76  62  76  84  68  68  74  68  90  90  86  74  84  76  64  70  62
  48  42  50  42  42  28  48  38  52  26  26  44   0  52  44  36  36  28  48  50  44  54  38  26  26  48  42  36  40  26  26  26  40  40  26  40  48  32  32  38  32  54  54  50  38  48  40  28  34  26
 108 102 110 102 102  88 108  98 112  86  86 104  92   0 104  96  96  88 108 110 104 114  98  86  86 108 102  96 100  86  86  86 100 100  86 100 108  92  92  98  92 114 114 110  98 108 100  88  94  86
  84  78  86  78  78  64  84  74  88  62  62  80  68  88   0  72  72  64  84  86  80  90  74  62  62  84  78  72  76  62  62  62  76  76  62  76  84  68  68  74  68  90  90  86  74  84  76  64  70  62
  60  54  62  54  54  40  60  50  64  38  38  56  44  64  56   0  48  40  60  62  56  66  50  38  38  60  54  48  52  38  38  38  52  52  38  52  60  44  44  50  44  66  66  62  50  60  52  40  46  38
  60  54  62  54  54  40  60  50  64  38  38  56  44  64  56  48   0  40  60  62  56  66  50  38  38  60  54  48  52  38  38  38  52  52  38  52  60  44  44  50  44  66  66  62  50  60  52  40  46  38
  36  30  38  30  30  16  36  26  40  14  14  32  20  40  32  24  24   0  36  38  32  42  26  14  14  36  30  24  28  14  14  14  28  28  14  28  36  20  20  26  20  42  42  38  26  36  28  16  22  14
  96  90  98  90  90  76  96  86 100  74  74  92  80 100  92  84  84  76   0  98  92 102  86  74  74  96  90  84  88  74  74  74  88  88  74  88  96  80  80  86  80 102 102  98  86  96  88  76  82  74
 102  96 104  96  96  82 102  92 106  80  80  98  86 106  98  90  90  82 102   0  98 108  92  80  80 102  96  90  94  80  80  80  94  94  80  94 102  86  86  92  86 108 108 104  92 102  94  82  88  80
  84  78  86  78  78  64  84  74  88  62  62  80  68  88  80  72  72  64  84  86   0  90  74  62  62  84  78  72  76  62  62  62  76  76  62  76  84  68  68  74  68  90  90  86  74  84  76  64  70  62
 114 108 116 108 108  94 114 104 118  92  92 110  98 118 110 102 102  94 114 116 110   0 104  92  92 114 108 102 106  92  92  92 106 106  92 106 114  98  98 104  98 120 120 116 104 114 106  94 100  92
  66  60  68  60  60  46  66  56  70  44  44  62  50  70  62  54  54  46  66  68  62  72   0  44  44  66  60  54  58  44  44  44  58  58  44  58  66  50  50  56  50  72  72  68  56  66  58  46  52  44
  30  24  32  24  24  10  30  20  34   8   8  26  14  34  26  18  18  10  30  32  26  36  20   0   8  30  24  18  22   8   8   8  22  22   8  22  30  14  14  20  14  36  36  32  20  30  22  10  16   8
  30  24  32  24  24  10  30  20  34   8   8  26  14  34  26  18  18  10  30  32  26  36  20   8   0  30  24  18  22   8   8   8  22  22   8  22  30  14  14  20  14  36  36  32  20  30  22  10  16   8
  96  90  98  90  90  76  96  86 100  74  74  92  80 100  92  84  84  76  96  98  92 102  86  74  74   0  90  84  88  74  74  74  88  88  74  88  96  80  80  86  80 102 102  98  86  96  88  76  82  74
  78  72  80  72  72  58  78  68  82  56  56  74  62  82  74  66  66  58  78  80  74  84  68  56  56  78   0  66  70  56  56  56  70  70  56  70  78  62  62  68  62  84  84  80  68  78  70  58  64  56
  60  54  62  54  54  40  60  50  64  38  38  56  44  64  56  48  48  40  60  62  56  66  50  38  38  60  54   0  52  38  38  38  52  52  38  52  60  44  44  50  44  66  66  62  50  60  52  40  46  38
  72  66  74  66  66  52  72  62  76  50  50  68  56  76  68  60  60  52  72  74  68  78  62  50  50  72  66  60   0  50  50  50  64  64  50  64  72  56  56  62  56  78  78  74  62  72  64  52  58  50
  30  24  32  24  24  10  30  20  34   8   8  26  14  34  26  18  18  10  30  32  26  36  20   8   8  30  24  18  22   0   8   8  22  22   8  22  30  14  14  20  14  36  36  32  20  30  22  10  16   8
  30  24  32  24  24  10  30  20  34   8   8  26  14  34  26  18  18  10  30  32  26  36  20   8   8  30  24  18  22   8   0   8  22  22   8  22  30  14  14  20  14  36  36  32  20  30  22  10  16   8
  30  24  32  24  24  10  30  20  34   8   8  26  14  34  26  18  18  10  30  32  26  36  20   8   8  30  24  18  22   8   8   0  22  22   8  22  30  14  14  20  14  36  36  32  20  30  22  10  16   8
  72  66  74  66  66  52  72  62  76  50  50  68  56  76  68  60  60  52  72  74  68  78  62  50  50  72  66  60  64  50  50  50   0  64  50  64  72  56  56  62  56  78  78  74  62  72  64  52  58  50
  72  66  74  66  66  52  72  62  76  50  50  68  56  76  68  60  60  52  72  74  68  78  62  50  50  72  66  60  64  50  50  50  64   0  50  64  72  56  56  62  56  78  78  74  62  72  64  52  58  50
  30  24  32  24  24  10  30  20  34   8   8  26  14  34  26  18  18  10  30  32  26  36  20   8   8  30  24  18  22   8   8   8  22  22   0  22  30  14  14  20  14  36  36  32  20  30  22  10  16   8
  72  66  74  66  66  52  72  62  76  50  50  68  56  76  68  60  60  52  72  74  68  78  62  50  50  72  66  60  64  50  50  50  64  64  50   0  72  56  56  62  56  78  78  74  62  72  64  52  58  50
  96  90  98  90  90  76  96  86 100  74  74  92  80 100  92  84  84  76  96  98  92 102  86  74  74  96  90  84  88  74  74  74  88  88  74  88   0  80  80  86  80 102 102  98  86  96  88  76  82  74
  48  42  50  42  42  28  48  38  52  26  26  44  32  52  44  36  36  28  48  50  44  54  38  26  26  48  42  36  40  26  26  26  40  40  26  40  48   0  32  38  32  54  54  50  38  48  40  28  34  26
  48  42  50  42  42  28  48  38  52  26  26  44  32  52  44  36  36  28  48  50  44  54  38  26  26  48  42  36  40  26  26  26  40  40  26  40  48  32   0  38  32  54  54  50  38  48  40  28  34  26
  66  60  68  60  60  46  66  56  70  44  44  62  50  70  62  54  54  46  66  68  62  72  56  44  44  66  60  54  58  44  44  44  58  58  44  58  66  50  50   0  50  72  72  68  56  66  58  46  52  44
  48  42  50  42  42  28  48  38  52  26  26  44  32  52  44  36  36  28  48  50  44  54  38  26  26  48  42  36  40  26  26  26  40  40  26  40  48  32  32  38   0  54  54  50  38  48  40  28  34  26
 114 108 116 108 108  94 114 104 118  92  92 110  98 118 110 102 102  94 114 116 110 120 104  92  92 114 108 102 106  92  92  92 106 106  92 106 114  98  98 104  98   0 120 116 104 114 106  94 100  92
 114 108 116 108 108  94 114 104 118  92  92 110  98 118 110 102 102  94 114 116 110 120 104  92  92 114 108 102 106  92  92  92 106 106  92 106 114  98  98 104  98 120   0 116 104 114 106  94 100  92
 102  96 104  96  96  82 102  92 106  80  80  98  86 106  98  90  90  82 102 104  98 108  92  80  80 102  96  90  94  80  80  80  94  94  80  94 102  86  86  92  86 108 108   0  92 102  94  82  88  80
  66  60  68  60  60  46  66  56  70  44  44  62  50  70  62  54  54  46  66  68  62  72  56  44  44  66  60  54  58  44  44  44  58  58  44  58  66  50  50  56  50  72  72  68   0  66  58  46  52  44
  96  90  98  90  90  76  96  86 100  74  74  92  80 100  92  84  84  76  96  98  92 102  86  74  74  96  90  84  88  74  74  74  88  88  74  88  96  80  80  86  80 102 102  98  86   0  88  76  82  74
  72  66  74  66  66  52  72  62  76  50  50  68  56  76  68  60  60  52  72  74  68  78  62  50  50  72  66  60  64  50  50  50  64  64  50  64  72  56  56  62  56  78  78  74  62  72   0  52  58  50
  36  30  38  30  30  16  36  26  40  14  14  32  20  40  32  24  24  16  36  38  32  42  26  14  14  36  30  24  28  14  14  14  28  28  14  28  36  20  20  26  20  42  42  38  26  36  28   0  22  14
  54  48  56  48  48  34  54  44  58  32  32  50  38  58  50  42  42  34  54  56  50  60  44  32  32  54  48  42  46  32  32  32  46  46  32  46  54  38  38  44  38  60  60  56  44  54  46  34   0  32
  30  24  32  24  24  10  30  20  34   8   8  26  14  34  26  18  18  10  30  32  26  36  20   8   8  30  24  18  22   8   8   8  22  22   8  22  30  14  14  20  14  36  36  32  20  30  22  10  16   0

   0  52  52  60  64  60  64  64  72  52  54  48  72  50  68  46  68  56  58  50  46  62  44  64  44  50  46  64  46  58  64  44  68  44  62  58  72  58  66  70  52  58  44  60  70  62  56  44  70  54
  44   0  40  48  52  48  52  52  60  40  42  36  60  38  56  34  56  44  46  38  34  50  32  52  32  38  34  52  34  46  52  32  56  32  50  46  60  46  54  58  40  46  32  48  58  50  44  32  58  42
  44  40   0  48  52  48  52  52  60  40  42  36  60  38  56  34  56  44  46  38  34  50  32  52  32  38  34  52  34  46  52  32  56  32  50  46  60  46  54  58  40  46  32  48  58  50  44  32  58  42
  68  64  64   0  76  72  76  76  84  64  66  60  84  62  80  58  80  68  70  62  58  74  56  76  56  62  58  76  58  70  76  56  80  56  74  70  84  70  78  82  64  70  56  72  82  74  68  56  82  66
  80  76  76  84   0  84  88  88  96  76  78  72  96  74  92  70  92  80  82  74  70  86  68  88  68  74  70  88  70  82  88  68  92  68  86  82  96  82  90  94  76  82  68  84  94  86  80  68  94  78
  68  64  64  72  76   0  76  76  84  64  66  60  84  62  80  58  80  68  70  62  58  74  56  76  56  62  58  76  58  70  76  56  80  56  74  70  84  70  78  82  64  70  56  72  82  74  68  56  82  66
  80  76  76  84  88  84   0  88  96  76  78  72  96  74  92  70  92  80  82  74  70  86  68  88  68  74  70  88  70  82  88  68  92  68  86  82  96  82  90  94  76  82  68  84  94  86  80  68  94  78
  80  76  76  84  88  84  88   0  96  76  78  72  96  74  92  70  92  80  82  74  70  86  68  88  68  74  70  88  70  82  88  68  92  68  86  82  96  82  90  94  76  82  68  84  94  86  80  68  94  78
 104 100 100 108 112 108 112 112   0 100 102  96 120  98 116  94 116 104 106  98  94 110  92 112  92  98  94 112  94 106 112  92 116  92 110 106 120 106 114 118 100 106  92 108 118 110 104  92 118 102
  44  40  40  48  52  48  52  52  60   0  42  36  60  38  56  34  56  44  46  38  34  50  32  52  32  38  34  52  34  46  52  32  56  32  50  46  60  46  54  58  40  46  32  48  58  50  44  32  58  42
  50  46  46  54  58  54  58  58  66  46   0  42  66  44  62  40  62  50  52  44  40  56  38  58  38  44  40  58  40  52  58  38  62  38  56  52  66  52  60  64  46  52  38  54  64  56  50  38  64  48
  32  28  28  36  40  36  40  40  48  28  30   0  48  26  44  22  44  32  34  26  22  38  20  40  20  26  22  40  22  34  40  20  44  20  38  34  48  34  42  46  28  34  20  36  46  38  32  20  46  30
 104 100 100 108 112 108 112 112 120 100 102  96   0  98 116  94 116 104 106  98  94 110  92 112  92  98  94 112  94 106 112  92 116  92 110 106 120 106 114 118 100 106  92 108 118 110 104  92 118 102
  38  34  34  42  46  42  46  46  54  34  36  30  54   0  50  28  50  38  40  32  28  44  26  46  26  32  28  46  28  40  46  26  50  26  44  40  54  40  48  52  34  40  26  42  52  44  38  26  52  36
  92  88  88  96 100  96 100 100 108  88  90  84 108  86   0  82 104  92  94  86  82  98  80 100  80  86  82 100  82  94 100  80 104  80  98  94 108  94 102 106  88  94  80  96 106  98  92  80 106  90
  26  22  22  30  34  30  34  34  42  22  24  18  42  20  38   0  38  26  28  20  16  32  14  34  14  20  16  34  16  28  34  14  38  14  32  28  42  28  36  40  22  28  14  30  40  32  26  14  40  24
  92  88  88  96 100  96 100 100 108  88  90  84 108  86 104  82   0  92  94  86  82  98  80 100  80  86  82 100  82  94 100  80 104  80  98  94 108  94 102 106  88  94  80  96 106  98  92  80 106  90
  56  52  52  60  64  60  64  64  72  52  54  48  72  50  68  46  68   0  58  50  46  62  44  64  44  50  46  64  46  58  64  44  68  44  62  58  72  58  66  70  52  58  44  60  70  62  56  44  70  54
  62  58  58  66  70  66  70  70  78  58  60  54  78  56  74  52  74  62   0  56  52  68  50  70  50  56  52  70  52  64  70  50  74  50  68  64  78  64  72  76  58  64  50  66  76  68  62  50  76  60
  38  34  34  42  46  42  46  46  54  34  36  30  54  32  50  28  50  38  40   0  28  44  26  46  26  32  28  46  28  40  46  26  50  26  44  40  54  40  48  52  34  40  26  42  52  44  38  26  52  36
  26  22  22  30  34  30  34  34  42  22  24  18  42  20  38  16  38  26  28  20   0  32  14  34  14  20  16  34  16  28  34  14  38  14  32  28  42  28  36  40  22  28  14  30  40  32  26  14  40  24
  74  70  70  78  82  78  82  82  90  70  72  66  90  68  86  64  86  74  76  68  64   0  62  82  62  68  64  82  64  76  82  62  86  62  80  76  90  76  84  88  70  76  62  78  88  80  74  62  88  72
  20  16  16  24  28  24  28  28  36  16  18  12  36  14  32  10  32  20  22  14  10  26   0  28   8  14  10  28  10  22  28   8  32   8  26  22  36  22  30  34  16  22   8  24  34  26  20   8  34  18
  80  76  76  84  88  84  88  88  96  76  78  72  96  74  92  70  92  80  82  74  70  86  68   0  68  74  70  88  70  82  88  68  92  68  86  82  96  82  90  94  76  82  68  84  94  86  80  68  94  78
  20  16  16  24  28  24  28  28  36  16  18  12  36  14  32  10  32  20  22  14  10  26   8  28   0  14  10  28  10  22  28   8  32   8  26  22  36  22  30  34  16  22   8  24  34  26  20   8  34  18
  38  34  34  42  46  42  46  46  54  34  36  30  54  32  50  28  50  38  40  32  28  44  26  46  26   0  28  46  28  40  46  26  50  26  44  40  54  40  48  52  34  40  26  42  52  44  38  26  52  36
  26  22  22  30  34  30  34  34  42  22  24  18  42  20  38  16  38  26  28  20  16  32  14  34  14  20   0  34  16  28  34  14  38  14  32  28  42  28  36  40  22  28  14  30  40  32  26  14  40  24
  80  76  76  84  88  84  88  88  96  76  78  72  96  74  92  70  92  80  82  74  70  86  68  88  68  74  70   0  70  82  88  68  92  68  86  82  96  82  90  94  76  82  68  84  94  86  80  68  94  78
  26  22  22  30  34  30  34  34  42  22  24  18  42  20  38  16  38  26  28  20  16  32  14  34  14  20  16  34   0  28  34  14  38  14  32  28  42  28  36  40  22  28  14  30  40  32  26  14  40  24
  62  58  58  66  70  66  70  70  78  58  60  54  78  56  74  52  74  62  64  56  52  68  50  70  50  56  52  70  52   0  70  50  74  50  68  64  78  64  72  76  58  64  50  66  76  68  62  50  76  60
  80  76  76  84  88  84  88  88  96  76  78  72  96  74  92  70  92  80  82  74  70  86  68  88  68  74  70  88  70  82   0  68  92  68  86  82  96  82  90  94  76  82  68  84  94  86  80  68  94  78
  20  16  16  24  28  24  28  28  36  16  18  12  36  14  32  10  32  20  22  14  10  26   8  28   8  14  10  28  10  22  28   0  32   8  26  22  36  22  30  34  16  22   8  24  34  26  20   8  34  18
  92  88  88  96 100  96 100 100 108  88  90  84 108  86 104  82 104  92  94  86  82  98  80 100  80  86  82 100  82  94 100  80   0  80  98  94 108  94 102 106  88  94  80  96 106  98  92  80 106  90
  20  16  16  24  28  24  28  28  36  16  18  12  36  14  32  10  32  20  22  14  10  26   8  28   8  14  10  28  10  22  28   8  32   0  26  22  36  22  30  34  16  22   8  24  34  26  20   8  34  18
  74  70  70  78  82  78  82  82  90  70  72  66  90  68  86  64  86  74  76  68  64  80  62  82  62  68  64  82  64  76  82  62  86  62   0  76  90  76  84  88  70  76  62  78  88  80  74  62  88  72
  62  58  58  66  70  66  70  70  78  58  60  54  78  56  74  52  74  62  64  56  52  68  50  70  50  56  52  70  52  64  70  50  74  50  68   0  78  64  72  76  58  64  50  66  76  68  62  50  76  60
 104 100 100 108 112 108 112 112 120 100 102  96 120  98 116  94 116 104 106  98  94 110  92 112  92  98  94 112  94 106 112  92 116  92 110 106   0 106 114 118 100 106  92 108 118 110 104  92 118 102
  62  58  58  66  70  66  70  70  78  58  60  54  78  56  74  52  74  62  64  56  52  68  50  70  50  56  52  70  52  64  70  50  74  50  68  64  78   0  72  76  58  64  50  66  76  68  62  50  76  60
  86  82  82  90  94  90  94  94 102  82  84  78 102  80  98  76  98  86  88  80  76  92  74  94  74  80  76  94  76  88  94  74  98  74  92  88 102  88   0 100  82  88  74  90 100  92  86  74 100  84
  98  94  94 102 106 102 106 106 114  94  96  90 114  92 110  88 110  98 100  92  88 104  86 106  86  92  88 106  88 100 106  86 110  86 104 100 114 100 108   0  94 100  86 102 112 104  98  86 112  96
  44  40  40  48  52  48  52  52  60  40  42  36  60  38  56  34  56  44  46  38  34  50  32  52  32  38  34  52  34  46  52  32  56  32  50  46  60  46  54  58   0  46  32  48  58  50  44  32  58  42
  62  58  58  66  70  66  70  70  78  58  60  54  78  56  74  52  74  62  64  56  52  68  50  70  50  56  52  70  52  64  70  50  74  50  68  64  78  64  72  76  58   0  50  66  76  68  62  50  76  60
  20  16  16  24  28  24  28  28  36  16  18  12  36  14  32  10  32  20  22  14  10  26   8  28   8  14  10  28  10  22  28   8  32   8  26  22  36  22  30  34  16  22   0  24  34  26  20   8  34  18
  68  64  64  72  76  72  76  76  84  64  66  60  84  62  80  58  80  68  70  62  58  74  56  76  56  62  58  76  58  70  76  56  80  56  74  70  84  70  78  82  64  70  56   0  82  74  68  56  82  66
  98  94  94 102 106 102 106 106 114  94  96  90 114  92 110  88 110  98 100  92  88 104  86 106  86  92  88 106  88 100 106  86 110  86 104 100 114 100 108 112  94 100  86 102   0 104  98  86 112  96
  74  70  70  78  82  78  82  82  90  70  72  66  90  68  86  64  86  74  76  68  64  80  62  82  62  68  64  82  64  76  82  62  86  62  80  76  90  76  84  88  70  76  62  78  88   0  74  62  88  72
  56  52  52  60  64  60  64  64  72  52  54  48  72  50  68  46  68  56  58  50  46  62  44  64  44  50  46  64  46  58  64  44  68  44  62  58  72  58  66  70  52  58  44  60  70  62   0  44  70  54
  20  16  16  24  28  24  28  28  36  16  18  12  36  14  32  10  32  20  22  14  10  26   8  28   8  14  10  28  10  22  28   8  32   8  26  22  36  22  30  34  16  22   8  24  34  26  20   0  34  18
  98  94  94 102 106 102 106 106 114  94  96  90 114  92 110  88 110  98 100  92  88 104  86 106  86  92  88 106  88 100 106  86 110  86 104 100 114 100 108 112  94 100  86 102 112 104  98  86   0  96
  50  46  46  54  58  54  58  58  66  46  48  42  66  44  62  40  62  50  52  44  40  56  38  58  38  44  40  58  40  52  58  38  62  38  56  52  66  52  60  64  46  52  38  54  64  56  50  38  64   0

   0  84  80  94  88  86  88  98  78  88  98  84 100  76  84  88 102  94  74  86  98  76  78  78  82  98 100  80  88  98  88  88  86  84  90  82  80  82 100  96  94 102  90  94 102 102  98  86  96  88
  60   0  44  58  52  50  52  62  42  52  62  48  64  40  48  52  66  58  38  50  62  40  42  42  46  62  64  44  52  62  52  52  50  48  54  46  44  46  64  60  58  66  54  58  66  66  62  50  60  52
  48  36   0  46  40  38  40  50  30  40  50  36  52  28  36  40  54  46  26  38  50  28  30  30  34  50  52  32  40  50  40  40  38  36  42  34  32  34  52  48  46  54  42  46  54  54  50  38  48  40
  90  78  74   0  82  80  82  92  72  82  92  78  94  70  78  82  96  88  68  80  92  70  72  72  76  92  94  74  82  92  82  82  80  78  84  76  74  76  94  90  88  96  84  88  96  96  92  80  90  82
  72  60  56  70   0  62  64  74  54  64  74  60  76  52  60  64  78  70  50  62  74  52  54  54  58  74  76  56  64  74  64  64  62  60  66  58  56  58  76  72  70  78  66  70  78  78  74  62  72  64
  66  54  50  64  58   0  58  68  48  58  68  54  70  46  54  58  72  64  44  56  68  46  48  48  52  68  70  50  58  68  58  58  56  54  60  52  50  52  70  66  64  72  60  64  72  72  68  56  66  58
  72  60  56  70  64  62   0  74  54  64  74  60  76  52  60  64  78  70  50  62  74  52  54  54  58  74  76  56  64  74  64  64  62  60  66  58  56  58  76  72  70  78  66  70  78  78  74  62  72  64
 102  90  86 100  94  92  94   0  84  94 104  90 106  82  90  94 108 100  80  92 104  82  84  84  88 104 106  86  94 104  94  94  92  90  96  88  86  88 106 102 100 108  96 100 108 108 104  92 102  94
  42  30  26  40  34  32  34  44   0  34  44  30  46  22  30  34  48  40  20  32  44  22  24  24  28  44  46  26  34  44  34  34  32  30  36  28  26  28  46  42  40  48  36  40  48  48  44  32  42  34
  72  60  56  70  64  62  64  74  54   0  74  60  76  52  60  64  78  70  50  62  74  52  54  54  58  74  76  56  64  74  64  64  62  60  66  58  56  58  76  72  70  78  66  70  78  78  74  62  72  64
 102  90  86 100  94  92  94 104  84  94   0  90 106  82  90  94 108 100  80  92 104  82  84  84  88 104 106  86  94 104  94  94  92  90  96  88  86  88 106 102 100 108  96 100 108 108 104  92 102  94
  60  48  44  58  52  50  52  62  42  52  62   0  64  40  48  52  66  58  38  50  62  40  42  42  46  62  64  44  52  62  52  52  50  48  54  46  44  46  64  60  58  66  54  58  66  66  62  50  60  52
 108  96  92 106 100  98 100 110  90 100 110  96   0  88  96 100 114 106  86  98 110  88  90  90  94 110 112  92 100 110 100 100  98  96 102  94  92  94 112 108 106 114 102 106 114 114 110  98 108 100
  36  24  20  34  28  26  28  38  18  28  38  24  40   0  24  28  42  34  14  26  38  16  18  18  22  38  40  20  28  38  28  28  26  24  30  22  20  22  40  36  34  42  30  34  42  42  38  26  36  28
  60  48  44  58  52  50  52  62  42  52  62  48  64  40   0  52  66  58  38  50  62  40  42  42  46  62  64  44  52  62  52  52  50  48  54  46  44  46  64  60  58  66  54  58  66  66  62  50  60  52
  72  60  56  70  64  62  64  74  54  64  74  60  76  52  60   0  78  70  50  62  74  52  54  54  58  74  76  56  64  74  64  64  62  60  66  58  56  58  76  72  70  78  66  70  78  78  74  62  72  64
 114 102  98 112 106 104 106 116  96 106 116 102 118  94 102 106   0 112  92 104 116  94  96  96 100 116 118  98 106 116 106 106 104 102 108 100  98 100 118 114 112 120 108 112 120 120 116 104 114 106
  90  78  74  88  82  80  82  92  72  82  92  78  94  70  78  82  96   0  68  80  92  70  72  72  76  92  94  74  82  92  82  82  80  78  84  76  74  76  94  90  88  96  84  88  96  96  92  80  90  82
  30  18  14  28  22  20  22  32  12  22  32  18  34  10  18  22  36  28   0  20  32  10  12  12  16  32  34  14  22  32  22  22  20  18  24  16  14  16  34  30  28  36  24  28  36  36  32  20  30  22
  66  54  50  64  58  56  58  68  48  58  68  54  70  46  54  58  72  64  44   0  68  46  48  48  52  68  70  50  58  68  58  58  56  54  60  52  50  52  70  66  64  72  60  64  72  72  68  56  66  58
 102  90  86 100  94  92  94 104  84  94 104  90 106  82  90  94 108 100  80  92   0  82  84  84  88 104 106  86  94 104  94  94  92  90  96  88  86  88 106 102 100 108  96 100 108 108 104  92 102  94
  36  24  20  34  28  26  28  38  18  28  38  24  40  16  24  28  42  34  14  26  38   0  18  18  22  38  40  20  28  38  28  28  26  24  30  22  20  22  40  36  34  42  30  34  42  42  38  26  36  28
  42  30  26  40  34  32  34  44  24  34  44  30  46  22  30  34  48  40  20  32  44  22   0  24  28  44  46  26  34  44  34  34  32  30  36  28  26  28  46  42  40  48  36  40  48  48  44  32  42  34
  42  30  26  40  34  32  34  44  24  34  44  30  46  22  30  34  48  40  20  32  44  22  24   0  28  44  46  26  34  44  34  34  32  30  36  28  26  28  46  42  40  48  36  40  48  48  44  32  42  34
  54  42  38  52  46  44  46  56  36  46  56  42  58  34  42  46  60  52  32  44  56  34  36  36   0  56  58  38  46  56  46  46  44  42  48  40  38  40  58  54  52  60  48  52  60  60  56  44  54  46
 102  90  86 100  94  92  94 104  84  94 104  90 106  82  90  94 108 100  80  92 104  82  84  84  88   0 106  86  94 104  94  94  92  90  96  88  86  88 106 102 100 108  96 100 108 108 104  92 102  94
 108  96  92 106 100  98 100 110  90 100 110  96 112  88  96 100 114 106  86  98 110  88  90  90  94 110   0  92 100 110 100 100  98  96 102  94  92  94 112 108 106 114 102 106 114 114 110  98 108 100
  48  36  32  46  40  38  40  50  30  40  50  36  52  28  36  40  54  46  26  38  50  28  30  30  34  50  52   0  40  50  40  40  38  36  42  34  32  34  52  48  46  54  42  46  54  54  50  38  48  40
  72  60  56  70  64  62  64  74  54  64  74  60  76  52  60  64  78  70  50  62  74  52  54  54  58  74  76  56   0  74  64  64  62  60  66  58  56  58  76  72  70  78  66  70  78  78  74  62  72  64
 102  90  86 100  94  92  94 104  84  94 104  90 106  82  90  94 108 100  80  92 104  82  84  84  88 104 106  86  94   0  94  94  92  90  96  88  86  88 106 102 100 108  96 100 108 108 104  92 102  94
  72  60  56  70  64  62  64  74  54  64  74  60  76  52  60  64  78  70  50  62  74  52  54  54  58  74  76  56  64  74   0  64  62  60  66  58  56  58  76  72  70  78  66  70  78  78  74  62  72  64
  72  60  56  70  64  62  64  74  54  64  74  60  76  52  60  64  78  70  50  62  74  52  54  54  58  74  76  56  64  74  64   0  62  60  66  58  56  58  76  72  70  78  66  70  78  78  74  62  72  64
  66  54  50  64  58  56  58  68  48  58  68  54  70  46  54  58  72  64  44  56  68  46  48  48  52  68  70  50  58  68  58  58   0  54  60  52  50  52  70  66  64  72  60  64  72  72  68  56  66  58
  60  48  44  58  52  50  52  62  42  52  62  48  64  40  48  52  66  58  38  50  62  40  42  42  46  62  64  44  52  62  52  52  50   0  54  46  44  46  64  60  58  66  54  58  66  66  62  50  60  52
  78  66  62  76  70  68  70  80  60  70  80  66  82  58  66  70  84  76  56  68  80  58  60  60  64  80  82  62  70  80  70  70  68  66   0  64  62  64  82  78  76  84  72  76  84  84  80  68  78  70
  54  42  38  52  46  44  46  56  36  46  56  42  58  34  42  46  60  52  32  44  56  34  36  36  40  56  58  38  46  56  46  46  44  42  48   0  38  40  58  54  52  60  48  52  60  60  56  44  54  46
  48  36  32  46  40  38  40  50  30  40  50  36  52  28  36  40  54  46  26  38  50  28  30  30  34  50  52  32  40  50  40  40  38  36  42  34   0  34  52  48  46  54  42  46  54  54  50  38  48  40
  54  42  38  52  46  44  46  56  36  46  56  42  58  34  42  46  60  52  32  44  56  34  36  36  40  56  58  38  46  56  46  46  44  42  48  40  38   0  58  54  52  60  48  52  60  60  56  44  54  46
 108  96  92 106 100  98 100 110  90 100 110  96 112  88  96 100 114 106  86  98 110  88  90  90  94 110 112  92 100 110 100 100  98  96 102  94  92  94   0 108 106 114 102 106 114 114 110  98 108 100
  96  84  80  94  88  86  88  98  78  88  98  84 100  76  84  88 102  94  74  86  98  76  78  78  82  98 100  80  88  98  88  88  86  84  90  82  80  82 100   0  94 102  90  94 102 102  98  86  96  88
  90  78  74  88  82  80  82  92  72  82  92  78  94  70  78  82  96  88  68  80  92  70  72  72  76  92  94  74  82  92  82  82  80  78  84  76  74  76  94  90   0  96  84  88  96  96  92  80  90  82
 114 102  98 112 106 104 106 116  96 106 116 102 118  94 102 106 120 112  92 104 116  94  96  96 100 116 118  98 106 116 106 106 104 102 108 100  98 100 118 114 112   0 108 112 120 120 116 104 114 106
  78  66  62  76  70  68  70  80  60  70  80  66  82  58  66  70  84  76  56  68  80  58  60  60  64  80  82  62  70  80  70  70  68  66  72  64  62  64  82  78  76  84   0  76  84  84  80  68  78  70
  90  78  74  88  82  80  82  92  72  82  92  78  94  70  78  82  96  88  68  80  92  70  72  72  76  92  94  74  82  92  82  82  80  78  84  76  74  76  94  90  88  96  84   0  96  96  92  80  90  82
 114 102  98 112 106 104 106 116  96 106 116 102 118  94 102 106 120 112  92 104 116  94  96  96 100 116 118  98 106 116 106 106 104 102 108 100  98 100 118 114 112 120 108 112   0 120 116 104 114 106
 114 102  98 112 106 104 106 116  96 106 116 102 118  94 102 106 120 112  92 104 116  94  96  96 100 116 118  98 106 116 106 106 104 102 108 100  98 100 118 114 112 120 108 112 120   0 116 104 114 106
 102  90  86 100  94  92  94 104  84  94 104  90 106  82  90  94 108 100  80  92 104  82  84  84  88 104 106  86  94 104  94  94  92  90  96  88  86  88 106 102 100 108  96 100 108 108   0  92 102  94
  66  54  50  64  58  56  58  68  48  58  68  54  70  46  54  58  72  64  44  56  68  46  48  48  52  68  70  50  58  68  58  58  56  54  60  52  50  52  70  66  64  72  60  64  72  72  68   0  66  58
  96  84  80  94  88  86  88  98  78  88  98  84 100  76  84  88 102  94  74  86  98  76  78  78  82  98 100  80  88  98  88  88  86  84  90  82  80  82 100  96  94 102  90  94 102 102  98  86   0  88
  72  60  56  70  64  62  64  74  54  64  74  60  76  52  60  64  78  70  50  62  74  52  54  54  58  74  76  56  64  74  64  64  62  60  66  58  56  58  76  72  70  78  66  70  78  78  74  62  72   0