48 4

 0 4758 1246 6398 3692 3150 2441 589 494 5672 1745 1638 2387 2232 1320 1033 3861 2279 3452 2292 2978 753 1723 5489 2614 6092 3493 2694 3648 3146 1592 3988 1784 2158 6779 2419 3338 1054 3587 861 2220 4837 3507 1980 6859 1581 2417 3776
 4758 0 3623 2041 1871 6991 6522 5207 5053 2339 4174 4751 3648 3150 4931 3953 7485 6353 7270 5124 4058 4049 3694 3067 3136 1860 7195 6664 1221 6839 6013 3478 5283 2666 3141 6304 7209 5641 3136 4594 2782 1602 7039 6213 3490 5494 4422 2114
 1246 3623 0 5199 2494 3699 3099 1769 1476 4481 1217 1555 1518 1135 1532 981 4327 2925 4001 2195 2231 686 852 4347 1555 4890 3983 3295 2470 3613 2460 2998 2003 967 5589 2953 3911 2061 2540 1064 1428 3635 3910 2720 5686 2063 1906 2593
 6398 2041 5199 0 2831 8081 7751 6901 6609 1417 5395 5977 4695 4406 6252 5735 8442 7596 8326 6157 4820 5737 5002 2529 4211 333 8211 7837 2798 7887 7423 3797 6494 4236 1448 7484 8292 7153 3723 6044 4667 1695 8002 7532 1898 6794 5395 2873
 3692 1871 2494 2831 0 5347 4970 4223 3852 2027 2602 3188 1940 1608 3454 3205 5774 4811 5607 3431 2241 3096 2205 2067 1434 2504 5511 5072 914 5169 4626 1703 3710 1603 3134 4715 5562 4374 1306 3260 2455 1183 5328 4736 3262 3998 2686 333
 3150 6991 3699 8081 5347 0 757 3222 2688 6934 2850 2287 3413 3872 2195 4092 742 889 313 1942 3318 3692 3325 6396 3955 7748 380 509 5784 279 1664 4537 1769 4434 7921 792 226 2237 4479 2704 5072 6388 555 1244 7816 1696 2729 5249
 2441 6522 3099 7751 4970 757 0 2486 1975 6683 2404 1821 3062 3428 1626 3403 1489 181 1045 1698 3123 3018 2842 6211 3580 7420 1124 299 5315 844 926 4377 1298 3898 7714 360 924 1501 4234 2077 4439 6060 1229 507 7651 1085 2462 4908
 589 5207 1769 6901 4223 3222 2486 0 740 6212 2264 2076 2930 2784 1708 1324 3951 2343 3511 2685 3499 1199 2274 6041 3168 6603 3582 2759 4134 3262 1568 4535 2109 2665 7319 2539 3387 1001 4139 1346 2567 5366 3641 2011 7406 1815 2908 4319
 494 5053 1476 6609 3852 2688 1975 740 0 5801 1628 1371 2343 2316 994 1474 3398 1811 2986 1970 2850 1139 1742 5550 2658 6295 3029 2227 3906 2686 1134 3951 1402 2401 6901 1957 2871 630 3594 706 2616 5004 3051 1513 6952 1145 2228 3902
 5672 2339 4481 1417 2027 6934 6683 6212 5801 0 4410 4967 3653 3518 5290 5198 7230 6542 7159 5033 3628 5096 4099 1118 3229 1133 7028 6740 2446 6724 6481 2499 5454 3601 1112 6398 7139 6295 2540 5182 4336 940 6799 6526 1278 5798 4273 1932
 1745 4174 1217 5395 2602 2850 2404 2264 1628 4410 0 615 780 1055 908 2064 3376 2240 3128 1069 1262 1653 521 4046 1227 5065 3065 2523 2963 2702 2100 2363 1145 1661 5478 2163 3064 1978 2049 962 2540 3713 2936 2165 5478 1428 744 2561
 1638 4751 1555 5977 3188 2287 1821 2076 1371 4967 615 0 1314 1639 432 2233 2848 1656 2571 715 1603 1796 1069 4563 1802 5645 2522 1943 3539 2155 1572 2811 563 2183 6023 1584 2500 1559 2559 823 2940 4290 2417 1593 6003 862 926 3137
 2387 3648 1518 4695 1940 3413 3062 2930 2343 3653 780 1314 0 663 1658 2461 3854 2912 3674 1499 737 2115 706 3272 555 4365 3581 3148 2462 3236 2846 1615 1813 1482 4716 2794 3628 2732 1275 1678 2568 3004 3407 2879 4707 2151 780 1854
 2232 3150 1135 4406 1608 3872 3428 2784 2316 3518 1055 1639 663 0 1877 2049 4371 3262 4146 2016 1356 1780 623 3282 449 4080 4074 3551 1940 3715 3044 1897 2172 848 4611 3191 4086 2807 1431 1693 1958 2747 3927 3165 4665 2428 1383 1618
 1320 4931 1532 6252 3454 2195 1626 1708 994 5290 908 432 1658 1877 0 2052 2825 1453 2493 1005 2002 1620 1270 4920 2102 5925 2476 1798 3727 2107 1216 3195 527 2297 6360 1449 2405 1153 2918 584 2911 4580 2417 1316 6356 588 1329 3432
 1033 3953 981 5735 3205 4092 3403 1324 1474 5198 2064 2233 2461 2049 2052 0 4780 3234 4394 2918 3165 468 1781 5163 2473 5452 4417 3643 2948 4058 2583 3921 2554 1599 6295 3342 4286 2051 3448 1505 1266 4297 4401 2954 6436 2460 2780 3362
 3861 7485 4327 8442 5774 742 1489 3951 3398 7230 3376 2848 3854 4371 2825 4780 0 1614 502 2376 3630 4370 3866 6635 4400 8106 390 1238 6282 749 2394 4783 2363 4999 8164 1480 633 2966 4801 3359 5711 6755 447 1973 8021 2365 3128 5642
 2279 6353 2925 7596 4811 889 181 2343 1811 6542 2240 1656 2912 3262 1453 3234 1614 0 1186 1576 2997 2850 2677 6080 3425 7267 1249 427 5149 942 800 4252 1141 3728 7577 310 1069 1361 4096 1905 4268 5908 1328 376 7520 914 2328 4756
 3452 7270 4001 8326 5607 313 1045 3511 2986 7159 3128 2571 3674 4146 2493 4394 502 1186 0 2191 3537 3994 3607 6599 4215 7989 226 803 6060 465 1946 4739 2059 4723 8127 1093 160 2524 4705 3004 5372 6630 500 1530 8009 1997 2973 5497
 2292 5124 2195 6157 3431 1942 1698 2685 1970 5033 1069 715 1499 2016 1005 2918 2376 1576 2191 0 1441 2483 1560 4533 2045 5823 2097 1724 3923 1754 1821 2695 680 2700 6043 1392 2152 2006 2572 1500 3564 4462 1931 1664 5971 1100 805 3324
 2978 4058 2231 4820 2241 3318 3123 3499 2850 3628 1262 1603 737 1356 2002 3165 3630 2997 3537 1441 0 2800 1398 3103 1086 4486 3414 3147 2933 3106 3121 1265 1977 2179 4619 2820 3521 3132 1181 2197 3288 3141 3195 3050 4539 2382 737 2062
 753 4049 686 5737 3096 3692 3018 1199 1139 5096 1653 1796 2115 1780 1620 468 4370 2850 3994 2483 2800 0 1420 4987 2198 5439 4008 3248 2965 3647 2238 3636 2121 1508 6198 2938 3889 1740 3185 1072 1507 4224 3983 2582 6310 2047 2370 3217
 1723 3694 852 5002 2205 3325 2842 2274 1742 4099 521 1069 706 623 1270 1781 3866 2677 3607 1560 1398 1420 0 3820 928 4680 3554 2983 2487 3189 2434 2280 1603 1153 5190 2623 3542 2208 1879 1099 2075 3346 3430 2563 5226 1829 1104 2211
 5489 3067 4347 2529 2067 6396 6211 6041 5550 1118 4046 4563 3272 3282 4920 5163 6635 6080 6599 4533 3103 4987 3820 0 2868 2172 6396 6178 2706 6111 6045 1838 4957 3514 1854 5849 6530 5926 2023 4837 4431 1403 6154 6039 1767 5331 3733 1785
 2614 3136 1555 4211 1434 3955 3580 3168 2658 3229 1227 1802 555 449 2102 2473 4400 3425 4215 2045 1086 2198 928 2868 0 3878 4123 3673 1953 3777 3290 1483 2318 1178 4308 3317 4166 3109 1022 2007 2315 2522 3951 3362 4334 2626 1320 1370
 6092 1860 4890 333 2504 7748 7420 6603 6295 1133 5065 5645 4365 4080 5925 5452 8106 7267 7989 5823 4486 5439 4680 2172 3878 0 7878 7507 2522 7554 7103 3470 6166 3938 1383 7154 7960 6840 3390 5729 4413 1364 7669 7207 1806 6469 5063 2544
 3493 7195 3983 8211 5511 380 1124 3582 3029 7028 3065 2522 3581 4074 2476 4417 390 1249 226 2097 3414 4008 3554 6396 4123 7878 0 871 5988 397 2029 4598 2024 4677 7986 1113 330 2598 4581 3004 5363 6518 297 1606 7860 2005 2868 5393
 2694 6664 3295 7837 5072 509 299 2759 2227 6740 2523 1943 3148 3551 1798 3643 1238 427 803 1724 3147 3248 2983 6178 3673 7507 871 0 5450 589 1199 4386 1413 4060 7747 392 685 1769 4275 2277 4646 6138 973 776 7668 1270 2503 4989
 3648 1221 2470 2798 914 5784 5315 4134 3906 2446 2963 3539 2462 1940 3727 2948 6282 5149 6060 3923 2933 2965 2487 2706 1953 2522 5988 5450 0 5632 4831 2576 4075 1503 3489 5096 6001 4484 2142 3413 1932 1507 5838 5016 3717 4292 3236 1217
 3146 6839 3613 7887 5169 279 844 3262 2686 6724 2702 2155 3236 3715 2107 4058 749 942 465 1754 3106 3647 3189 6111 3777 7554 397 589 5632 0 1728 4311 1654 4308 7697 765 446 2282 4267 2636 4993 6190 412 1304 7585 1642 2533 5058
 1592 6013 2460 7423 4626 1664 926 1568 1134 6481 2100 1572 2846 3044 1216 2583 2394 800 1946 1821 3121 2238 2434 6045 3290 7103 2029 1199 4831 1728 0 4353 1202 3348 7555 1045 1826 589 4105 1460 3711 5766 2119 459 7547 788 2428 4621
 3988 3478 2998 3797 1703 4537 4377 4535 3951 2499 2363 2811 1615 1897 3195 3921 4783 4252 4739 2695 1265 3636 2280 1838 1483 3470 4598 4386 2576 4311 4353 0 3218 2524 3424 4065 4728 4304 588 3279 3642 2202 4355 4296 3318 3613 1977 1411
 1784 5283 2003 6494 3710 1769 1298 2109 1402 5454 1145 563 1813 2172 527 2554 2363 1141 2059 680 1977 2121 1603 4957 2318 6166 2024 1413 4075 1654 1202 3218 0 2699 6497 1056 1982 1364 3018 1084 3388 4802 1942 1117 6458 459 1280 3649
 2158 2666 967 4236 1603 4434 3898 2665 2401 3601 1661 2183 1482 848 2297 1599 4999 3728 4723 2700 2179 1508 1153 3514 1178 3938 4677 4060 1503 4308 3348 2524 2699 0 4705 3713 4652 2984 2022 1929 1140 2719 4567 3565 4838 2862 2162 1767
 6779 3141 5589 1448 3134 7921 7714 7319 6901 1112 5478 6023 4716 4611 6360 6295 8164 7577 8127 6043 4619 6198 5190 1854 4308 1383 7986 7747 3489 7697 7555 3424 6497 4705 0 7419 8119 7385 3562 6275 5401 2008 7746 7579 475 6858 5295 3035
 2419 6304 2953 7484 4715 792 360 2539 1957 6398 2163 1584 2794 3191 1449 3342 1480 310 1093 1392 2820 2938 2623 5849 3317 7154 1113 392 5096 765 1045 4065 1056 3713 7419 0 995 1565 3938 1947 4316 5787 1137 631 7344 939 2164 4638
 3338 7209 3911 8292 5562 226 924 3387 2871 7139 3064 2500 3628 4086 2405 4286 633 1069 160 2152 3521 3889 3542 6530 4166 7960 330 685 6001 446 1826 4728 1982 4652 8119 995 0 2400 4681 2908 5277 6595 583 1408 8005 1900 2937 5459
 1054 5641 2061 7153 4374 2237 1501 1001 630 6295 1978 1559 2732 2807 1153 2051 2966 1361 2524 2006 3132 1740 2208 5926 3109 6840 2598 1769 4484 2282 589 4304 1364 2984 7385 1565 2400 0 3999 1153 3219 5525 2666 1025 7409 980 2457 4402
 3587 3136 2540 3723 1306 4479 4234 4139 3594 2540 2049 2559 1275 1431 2918 3448 4801 4096 4705 2572 1181 3185 1879 2023 1022 3390 4581 4275 2142 4267 4105 588 3018 2022 3562 3938 4681 3999 0 2921 3124 2041 4354 4091 3514 3379 1805 1044
 861 4594 1064 6044 3260 2704 2077 1346 706 5182 962 823 1678 1693 584 1505 3359 1905 3004 1500 2197 1072 1099 4837 2007 5729 3004 2277 3413 2636 1460 3279 1084 1929 6275 1947 2908 1153 2921 0 2404 4407 2959 1690 6307 1049 1599 3284
 2220 2782 1428 4667 2455 5072 4439 2567 2616 4336 2540 2940 2568 1958 2911 1266 5711 4268 5372 3564 3288 1507 2075 4431 2315 4413 5363 4646 1932 4993 3711 3642 3388 1140 5401 4316 5277 3219 3124 2404 0 3398 5297 4025 5604 3420 3158 2691
 4837 1602 3635 1695 1183 6388 6060 5366 5004 940 3713 4290 3004 2747 4580 4297 6755 5908 6630 4462 3141 4224 3346 1403 2522 1364 6518 6138 1507 6190 5766 2202 4802 2719 2008 5787 6595 5525 2041 4407 3398 0 6317 5855 2214 5119 3703 1186
 3507 7039 3910 8002 5328 555 1229 3641 3051 6799 2936 2417 3407 3927 2417 4401 447 1328 500 1931 3195 3983 3430 6154 3951 7669 297 973 5838 412 2119 4355 1942 4567 7746 1137 583 2666 4354 2959 5297 6317 0 1695 7613 1989 2686 5202
 1980 6213 2720 7532 4736 1244 507 2011 1513 6526 2165 1593 2879 3165 1316 2954 1973 376 1530 1664 3050 2582 2563 6039 3362 7207 1606 776 5016 1304 459 4296 1117 3565 7579 631 1408 1025 4091 1690 4025 5855 1695 0 7541 779 2359 4698
 6859 3490 5686 1898 3262 7816 7651 7406 6952 1278 5478 6003 4707 4665 6356 6436 8021 7520 8009 5971 4539 6310 5226 1767 4334 1806 7860 7668 3717 7585 7547 3318 6458 4838 475 7344 8005 7409 3514 6307 5604 2214 7613 7541 0 6834 5236 3124
 1581 5494 2063 6794 3998 1696 1085 1815 1145 5798 1428 862 2151 2428 588 2460 2365 914 1997 1100 2382 2047 1829 5331 2626 6469 2005 1270 4292 1642 788 3613 459 2862 6858 939 1900 980 3379 1049 3420 5119 1989 779 6834 0 1682 3960
 2417 4422 1906 5395 2686 2729 2462 2908 2228 4273 744 926 780 1383 1329 2780 3128 2328 2973 805 737 2370 1104 3733 1320 5063 2868 2503 3236 2533 2428 1977 1280 2162 5295 2164 2937 2457 1805 1599 3158 3703 2686 2359 5236 1682 0 2563
 3776 2114 2593 2873 333 5249 4908 4319 3902 1932 2561 3137 1854 1618 3432 3362 5642 4756 5497 3324 2062 3217 2211 1785 1370 2544 5393 4989 1217 5058 4621 1411 3649 1767 3035 4638 5459 4402 1044 3284 2691 1186 5202 4698 3124 3960 2563 0

 0 4748 1228 6379 3676 3217 2433 580 496 5691 1727 1624 2387 2223 1304 1040 3868 2278 3434 2279 2987 744 1721 5310 2760 6094 3484 2679 3645 3137 1595 3982 1762 2155 6773 2418 3335 1046 3545 846 2218 4832 3520 1973 6849 1564 2399 3777
 4748 0 3605 2022 1855 7058 6514 5198 5055 2358 4156 4737 3648 3141 4915 3960 7492 6352 7252 5111 4067 4040 3692 2888 3282 1862 7186 6649 1218 6830 6016 3472 5261 2663 3135 6303 7206 5633 3094 4579 2780 1597 7052 6206 3480 5477 4404 2115
 1228 3605 0 5175 2473 3761 3086 1755 1473 4495 1194 1536 1513 1121 1511 983 4329 2919 3978 2177 2235 672 845 4163 1696 4887 3969 3275 2462 3599 2458 2987 1976 959 5578 2947 3903 2048 2493 1044 1421 3625 3918 2708 5671 2041 1883 2589
 6379 2022 5175 0 2809 8142 7737 6886 6605 1430 5371 5957 4689 4391 6230 5736 8443 7589 8302 6138 4823 5722 4994 2344 4351 329 8196 7816 2789 7872 7420 3785 6466 4227 1436 7477 8283 7139 3675 6023 4659 1684 8009 7519 1882 6771 5371 2868
 3676 1855 2473 2809 0 5410 4958 4210 3850 2042 2580 3170 1936 1595 3434 3208 5777 4806 5585 3414 2246 3083 2199 1884 1576 2502 5498 5053 907 5156 4625 1693 3684 1596 3124 4710 5555 4362 1260 3241 2449 1174 5337 4725 3248 3977 2664 330
 3217 7058 3761 8142 5410 0 800 3264 2741 7004 2883 2324 3464 3914 2230 4150 800 939 346 1980 3378 3734 3374 6268 4152 7801 422 545 5832 321 1718 4582 1798 4482 7966 842 274 2280 4488 2740 5121 6434 619 1288 7857 1730 2762 5301
 2433 6514 3086 7737 4958 800 0 2478 1978 6703 2387 1808 3063 3420 1611 3411 1497 181 1028 1686 3133 3010 2841 6033 3727 7423 1116 285 5313 836 930 4372 1277 3896 7709 360 922 1494 4193 2063 4438 6056 1243 501 7642 1069 2445 4910
 580 5198 1755 6886 4210 3264 2478 0 743 6232 2247 2063 2931 2776 1693 1332 3959 2343 3494 2673 3509 1191 2273 5863 3315 6606 3574 2745 4132 3254 1572 4530 2088 2663 7314 2539 3385 994 4098 1332 2566 5362 3655 2005 7397 1799 2891 4321
 496 5055 1473 6605 3850 2741 1978 743 0 5828 1618 1365 2351 2315 986 1489 3413 1818 2976 1965 2867 1138 1748 5379 2812 6305 3028 2220 3911 2685 1145 3953 1388 2406 6903 1964 2876 630 3560 699 2622 5007 3072 1514 6950 1136 2218 3911
 5691 2358 4495 1430 2042 7004 6703 6232 5828 0 4411 4972 3672 3528 5293 5224 7256 6560 7160 5039 3656 5106 4116 958 3394 1154 7038 6744 2462 6734 6503 2512 5451 3617 1125 6416 7155 6306 2517 5186 4353 954 6831 6538 1287 5800 4274 1952
 1727 4156 1194 5371 2580 2883 2387 2247 1618 4411 0 596 775 1041 887 2066 3378 2234 3105 1051 1266 1639 514 3862 1368 5062 3051 2503 2955 2688 2098 2352 1118 1653 5467 2157 3056 1965 2002 942 2533 3703 2944 2153 5463 1406 721 2557
 1624 4737 1536 5957 3170 2324 1808 2063 1365 4972 596 0 1312 1628 414 2238 2853 1653 2551 700 1610 1785 1065 4382 1946 5645 2511 1926 3534 2144 1573 2803 539 2178 6015 1581 2495 1549 2515 806 2936 4283 2428 1584 5991 843 906 3136
 2387 3648 1513 4689 1936 3464 3063 2931 2351 3672 775 1312 0 661 1649 2475 3868 2918 3663 1493 753 2113 711 3100 708 4374 3579 3140 2466 3234 2856 1616 1798 1486 4717 2800 3632 2731 1240 1670 2573 3006 3427 2879 4704 2141 769 1862
 2223 3141 1121 4391 1595 3914 3420 2776 2315 3528 1041 1628 661 0 1862 2057 4379 3262 4129 2004 1366 1772 622 3104 596 4083 4066 3537 1938 3707 3048 1892 2151 846 4606 3191 4084 2800 1390 1679 1957 2743 3941 3159 4656 2412 1366 1620
 1304 4915 1511 6230 3434 2230 1611 1693 986 5293 887 414 1649 1862 0 2055 2828 1448 2471 988 2007 1607 1264 4737 2244 5923 2463 1779 3720 2094 1215 3185 501 2290 6350 1444 2398 1141 2872 565 2905 4571 2426 1305 6342 567 1307 3429
 1040 3960 983 5736 3208 4150 3411 1332 1489 5224 2066 2238 2475 2057 2055 0 4798 3244 4387 2916 3185 470 1790 4995 2630 5465 4419 3639 2956 4060 2597 3926 2543 1607 6300 3352 4294 2054 3417 1501 1275 4303 4425 2958 6437 2454 2773 3374
 3868 7492 4329 8443 5777 800 1497 3959 3413 7256 3378 2853 3868 4379 2828 4798 0 1625 496 2375 3651 4373 3876 6468 4558 8120 393 1235 6291 752 2409 4789 2353 5008 8170 1491 642 2970 4771 3356 5721 6762 472 1978 8023 2360 3122 5655
 2278 6352 2919 7589 4806 939 181 2343 1818 6560 2234 1653 2918 3262 1448 3244 1625 0 1174 1569 3012 2847 2681 5907 3577 7275 1246 418 5152 939 809 4252 1125 3731 7577 315 1072 1359 4060 1896 4272 5909 1347 375 7516 903 2316 4763
 3434 7252 3978 8302 5585 346 1028 3494 2976 7160 3105 2551 3663 4129 2471 4387 496 1174 0 2172 3540 3979 3599 6414 4355 7985 211 782 6051 450 1943 4727 2031 4714 8115 1086 151 2510 4657 2983 5364 6619 507 1517 7993 1974 2949 5492
 2279 5111 2177 6138 3414 1980 1686 2673 1965 5039 1051 700 1493 2004 988 2916 2375 1569 2172 0 1448 2472 1556 4352 2189 5823 2086 1707 3918 1743 1822 2687 656 2695 6035 1389 2147 1996 2528 1483 3560 4455 1942 1655 5959 1081 785 3323
 2987 4067 2235 4823 2246 3378 3133 3509 2867 3656 1266 1610 753 1366 2007 3185 3651 3012 3540 1448 0 2803 1408 2936 1244 4500 3417 3144 2942 3109 3136 1271 1967 2188 4625 2831 3530 3136 1151 2194 3298 3148 3220 3055 4541 2377 731 2075
 744 4040 672 5722 3083 3734 3010 1191 1138 5106 1639 1785 2113 1772 1607 470 4373 2847 3979 2472 2803 0 1418 4808 2344 5441 3999 3233 2962 3638 2241 3630 2099 1505 6192 2937 3886 1732 3143 1057 1505 4219 3996 2575 6300 2030 2352 3218
 1721 3692 845 4994 2199 3374 2841 2273 1748 4116 514 1065 711 622 1264 1790 3876 2681 3599 1556 1408 1418 0 3646 1079 4687 3550 2973 2489 3185 2442 2279 1586 1155 5189 2627 3544 2205 1842 1089 2078 3346 3448 2561 5221 1817 1091 2217
 5310 2888 4163 2344 1884 6268 6033 5863 5379 958 3862 4382 3100 3104 4737 4995 6468 5907 6414 4352 2936 4808 3646 0 2901 2061 6274 6050 2590 5989 5935 1719 4822 3398 1735 5735 6414 5805 1868 4709 4316 1285 6054 5919 1644 5201 3602 1673
 2760 3282 1696 4351 1576 4152 3727 3315 2812 3394 1368 1946 708 596 2244 2630 4558 3577 4355 2189 1244 2344 1079 2901 0 3984 4218 3762 2054 3872 3397 1581 2400 1279 4406 3420 4267 3205 1084 2096 2417 2621 4068 3459 4428 2713 1406 1475
 6094 1862 4887 329 2502 7801 7423 6606 6305 1154 5062 5645 4374 4083 5923 5465 8120 7275 7985 5823 4500 5441 4687 2061 3984 0 7877 7500 2527 7553 7114 3472 6152 3943 1385 7161 7965 6840 3356 5722 4419 1367 7690 7208 1804 6460 5053 2553
 3484 7186 3969 8196 5498 422 1116 3574 3028 7038 3051 2511 3579 4066 2463 4419 393 1246 211 2086 3417 3999 3550 6274 4218 7877 0 857 5986 389 2033 4593 2003 4675 7981 1113 328 2591 4540 2990 5362 6514 311 1600 7851 1989 2851 5395
 2679 6649 3275 7816 5053 545 285 2745 2220 6744 2503 1926 3140 3537 1779 3639 1235 418 782 1707 3144 3233 2973 6050 3762 7500 857 0 5444 577 1199 4377 1388 4054 7738 388 679 1758 4230 2259 4641 6130 983 766 7655 1250 2482 4987
 3645 1218 2462 2789 907 5832 5313 4132 3911 2462 2955 3534 2466 1938 3720 2956 6291 5152 6051 3918 2942 2962 2489 2590 2054 2527 5986 5444 0 5628 4839 2575 4058 1505 3488 5100 6003 4481 2105 3403 1935 1507 5856 5014 3712 4280 3223 1223
 3137 6830 3599 7872 5156 321 836 3254 2685 6734 2688 2144 3234 3707 2094 4060 752 939 450 1743 3109 3638 3185 5989 3872 7553 389 577 5628 0 1732 4306 1633 4306 7692 765 444 2275 4226 2622 4992 6186 426 1298 7576 1626 2516 5060
 1595 6016 2458 7420 4625 1718 930 1572 1145 6503 2098 1573 2856 3048 1215 2597 2409 809 1943 1822 3136 2241 2442 5935 3397 7114 2033 1199 4839 1732 0 4355 1188 3353 7557 1052 1831 589 4071 1453 3717 5769 2140 460 7545 779 2418 4630
 3982 3472 2987 3785 1693 4582 4372 4530 3953 2512 2352 2803 1616 1892 3185 3926 4789 4252 4727 2687 1271 3630 2279 1719 1581 3472 4593 4377 2575 4306 4355 0 3199 2524 3421 4067 4728 4299 549 3267 3643 2200 4371 4292 3311 3599 1962 1415
 1762 5261 1976 6466 3684 1798 1277 2088 1388 5451 1118 539 1798 2151 501 2543 2353 1125 2031 656 1967 2099 1586 4822 2400 6152 2003 1388 4058 1633 1188 3199 0 2688 6483 1047 1971 1348 2968 1061 3378 4789 1947 1102 6440 434 1254 3642
 2155 2663 959 4227 1596 4482 3896 2663 2406 3617 1653 2178 1486 846 2290 1607 5008 3731 4714 2695 2188 1505 1155 3398 1279 3943 4675 4054 1505 4306 3353 2524 2688 0 4704 3717 4654 2981 1985 1919 1143 2719 4585 3563 4833 2850 2149 1773
 6773 3135 5578 1436 3124 7966 7709 7314 6903 1125 5467 6015 4717 4606 6350 6300 8170 7577 8115 6035 4625 6192 5189 1735 4406 1385 7981 7738 3488 7692 7557 3421 6483 4704 0 7420 8118 7379 3522 6262 5401 2005 7761 7574 467 6843 5279 3038
 2418 6303 2947 7477 4710 842 360 2539 1964 6416 2157 1581 2800 3191 1444 3352 1491 315 1086 1389 2831 2937 2627 5735 3420 7161 1113 388 5100 765 1052 4067 1047 3717 7420 0 998 1563 3902 1938 4320 5788 1156 630 7340 928 2152 4645
 3335 7206 3903 8283 5555 274 922 3385 2876 7155 3056 2495 3632 4084 2398 4294 642 1072 151 2147 3530 3886 3544 6414 4267 7965 328 679 6003 444 1831 4728 1971 4654 8118 998 0 2397 4644 2898 5280 6595 601 1406 8000 1888 2924 5465
 1046 5633 2048 7139 4362 2280 1494 994 630 6306 1965 1549 2731 2800 1141 2054 2970 1359 2510 1996 3136 1732 2205 5805 3205 6840 2591 1758 4481 2275 589 4299 1348 2981 7379 1563 2397 0 3959 1140 3219 5522 2681 1020 7401 965 2441 4405
 3545 3094 2493 3675 1260 4488 4193 4098 3560 2517 2002 2515 1240 1390 2872 3417 4771 4060 4657 2528 1151 3143 1842 1868 1084 3356 4540 4230 2105 4226 4071 549 2968 1985 3522 3902 4644 3959 0 2884 3100 2014 4345 4062 3482 3340 1765 1023
 846 4579 1044 6023 3241 2740 2063 1332 699 5186 942 806 1670 1679 565 1501 3356 1896 2983 1483 2194 1057 1089 4709 2096 5722 2990 2259 3403 2622 1453 3267 1061 1919 6262 1938 2898 1140 2884 0 2398 4398 2968 1679 6293 1028 1577 3281
 2218 2780 1421 4659 2449 5121 4438 2566 2622 4353 2533 2936 2573 1957 2905 1275 5721 4272 5364 3560 3298 1505 2078 4316 2417 4419 5362 4641 1935 4992 3717 3643 3378 1143 5401 4320 5280 3219 3100 2398 0 3398 5315 4023 5599 3408 3145 2697
 4832 1597 3625 1684 1174 6434 6056 5362 5007 954 3703 4283 3006 2743 4571 4303 6762 5909 6619 4455 3148 4219 3346 1285 2621 1367 6514 6130 1507 6186 5769 2200 4789 2719 2005 5788 6595 5522 2014 4398 3398 0 6333 5851 2207 5105 3688 1190
 3520 7052 3918 8009 5337 619 1243 3655 3072 6831 2944 2428 3427 3941 2426 4425 472 1347 507 1942 3220 3996 3448 6054 4068 7690 311 983 5856 426 2140 4371 1947 4585 7761 1156 601 2681 4345 2968 5315 6333 0 1703 7618 1987 2683 5218
 1973 6206 2708 7519 4725 1288 501 2005 1514 6538 2153 1584 2879 3159 1305 2958 1978 375 1517 1655 3055 2575 2561 5919 3459 7208 1600 766 5014 1298 460 4292 1102 3563 7574 630 1406 1020 4062 1679 4023 5851 1703 0 7533 764 2343 4701
 6849 3480 5671 1882 3248 7857 7642 7397 6950 1287 5463 5991 4704 4656 6342 6437 8023 7516 7993 5959 4541 6300 5221 1644 4428 1804 7851 7655 3712 7576 7545 3311 6440 4833 467 7340 8000 7401 3482 6293 5599 2207 7618 7533 0 6817 5218 3125
 1564 5477 2041 6771 3977 1730 1069 1799 1136 5800 1406 843 2141 2412 567 2454 2360 903 1974 1081 2377 2030 1817 5201 2713 6460 1989 1250 4280 1626 779 3599 434 2850 6843 928 1888 965 3340 1028 3408 5105 1987 764 6817 0 1659 3956
 2399 4404 1883 5371 2664 2762 2445 2891 2218 4274 721 906 769 1366 1307 2773 3122 2316 2949 785 731 2352 1091 3602 1406 5053 2851 2482 3223 2516 2418 1962 1254 2149 5279 2152 2924 2441 1765 1577 3145 3688 2683 2343 5218 1659 0 2559
 3777 2115 2589 2868 330 5301 4910 4321 3911 1952 2557 3136 1862 1620 3429 3374 5655 4763 5492 3323 2075 3218 2217 1673 1475 2553 5395 4987 1223 5060 4630 1415 3642 1773 3038 4645 5465 4405 1023 3281 2697 1190 5218 4701 3125 3956 2559 0

 0 4739 1231 6384 3679 3142 2442 568 468 5686 1719 1620 2391 2225 1295 1023 3839 2528 3428 2285 2974 742 1723 5285 2605 6084 3489 2671 3642 3275 1591 3973 1760 2174 6777 2400 3324 1044 3542 844 2193 4829 3494 1969 6855 1574 2395 3751
 4739 0 3614 2033 1864 6989 6529 5192 5033 2359 4154 4739 3658 3149 4912 3949 7469 6608 7252 5123 4060 4044 3700 2869 3133 1858 7197 6647 1221 6974 6018 3469 5265 2688 3145 6291 7201 5637 3097 4583 2761 1600 7032 6208 3492 5493 4406 2095
 1231 3614 0 5193 2489 3699 3108 1756 1458 4503 1199 1545 1530 1136 1515 979 4313 3182 3985 2196 2235 683 860 4151 1554 4890 3987 3280 2472 3750 2467 2991 1987 991 5595 2942 3905 2059 2503 1055 1409 3635 3905 2717 5690 2064 1892 2576
 6384 2033 5193 0 2827 8082 7761 6889 6592 1440 5378 5968 4708 4408 6236 5734 8429 7854 8311 6159 4825 5735 5011 2334 4211 334 8216 7823 2801 8025 7431 3791 6479 4261 1455 7474 8287 7152 3687 6036 4649 1696 7998 7530 1903 6796 5382 2857
 3679 1864 2489 2827 0 5349 4981 4212 3836 2051 2586 3180 1954 1611 3439 3205 5762 5070 5593 3434 2247 3095 2215 1873 1435 2506 5517 5059 918 5308 4635 1698 3696 1629 3142 4706 5558 4374 1271 3253 2438 1185 5325 4735 3268 4001 2674 318
 3142 6989 3699 8082 5349 0 771 3214 2675 6961 2837 2282 3430 3878 2183 4095 733 1151 302 1948 3327 3694 3338 6205 3959 7753 389 499 5791 421 1676 4535 1758 4463 7932 786 225 2240 4447 2700 5058 6393 555 1246 7825 1702 2720 5237
 2442 6529 3108 7761 4981 771 0 2484 1968 6716 2397 1822 3085 3440 1620 3412 1486 449 1040 1710 3138 3026 2861 6026 3590 7431 1139 295 5328 992 944 4381 1293 3933 7731 360 929 1510 4208 2079 4431 6071 1235 515 7666 1097 2459 4902
 568 5192 1756 6889 4212 3214 2484 0 718 6230 2242 2062 2938 2781 1687 1318 3933 2596 3491 2682 3499 1192 2278 5841 3163 6599 3582 2740 4132 3395 1571 4524 2089 2685 7321 2524 3377 995 4098 1333 2544 5362 3632 2004 7406 1812 2890 4298
 468 5033 1458 6592 3836 2675 1968 718 0 5816 1603 1354 2348 2310 970 1465 3377 2061 2963 1964 2847 1129 1743 5347 2650 6288 3026 2205 3901 2816 1134 3937 1379 2418 6900 1939 2858 621 3550 690 2590 4997 3039 1503 6949 1139 2207 3878
 5686 2359 4503 1440 2051 6961 6716 6230 5816 0 4411 4976 3684 3538 5292 5215 7235 6818 7162 5053 3651 5112 4126 941 3247 1152 7051 6744 2467 6880 6507 2511 5457 3644 1137 6406 7152 6312 2522 5192 4336 959 6813 6542 1301 5818 4278 1934
 1719 4154 1199 5378 2586 2837 2397 2242 1603 4411 0 598 785 1049 884 2055 3355 2490 3105 1063 1259 1643 522 3843 1219 5058 3062 2501 2958 2832 2100 2349 1122 1678 5477 2145 3051 1969 2005 946 2514 3706 2924 2155 5475 1422 723 2537
 1620 4739 1545 5968 3180 2282 1822 2062 1354 4976 598 0 1325 1639 414 2230 2833 1912 2554 715 1606 1792 1076 4366 1800 5644 2525 1927 3540 2291 1578 2803 546 2206 6028 1572 2493 1556 2521 813 2920 4289 2411 1589 6006 862 911 3119
 2391 3658 1530 4708 1954 3430 3085 2938 2348 3684 785 1325 0 677 1654 2472 3853 3182 3671 1513 754 2125 727 3089 567 4378 3598 3146 2477 3386 2866 1621 1810 1519 4735 2796 3635 2743 1251 1682 2562 3017 3415 2889 4724 2165 779 1850
 2225 3149 1136 4408 1611 3878 3440 2781 2310 3538 1049 1639 677 0 1866 2053 4363 3525 4136 2023 1366 1783 637 3092 454 4086 4084 3542 1948 3858 3057 1896 2162 878 4623 3186 4086 2811 1400 1690 1945 2753 3928 3168 4675 2435 1375 1607
 1295 4912 1515 6236 3439 2183 1620 1687 970 5292 884 414 1654 1866 0 2043 2804 1703 2470 999 1999 1610 1271 4717 2094 5918 2473 1776 3722 2237 1216 3181 504 2314 6359 1431 2392 1144 2874 568 2885 4573 2405 1306 6353 582 1308 3408
 1023 3949 979 5734 3205 4095 3412 1318 1465 5215 2055 2230 2472 2053 2043 0 4770 3495 4382 2923 3173 469 1793 4971 2476 5456 4425 3632 2954 4199 2594 3918 2542 1627 6305 3335 4284 2053 3415 1500 1251 4301 4400 2955 6444 2465 2770 3349
 3839 7469 4313 8429 5762 733 1486 3933 3377 7235 3355 2833 3853 4363 2804 4770 0 1867 482 2373 3630 4363 3870 6435 4395 8102 390 1219 6280 882 2397 4772 2343 5019 8166 1465 623 2960 4760 3346 5688 6751 438 1966 8021 2362 3110 5621
 2528 6608 3182 7854 5070 1151 449 2596 2061 6818 2490 1912 3182 3525 1703 3495 1867 0 1346 1753 3177 3023 2861 6060 3600 7443 1429 588 5327 1255 983 4421 1301 3928 7759 475 1239 1535 4235 2072 4425 6084 1499 549 7700 1091 2490 4915
 3428 7252 3985 8311 5593 302 1040 3491 2963 7162 3105 2554 3671 4136 2470 4382 482 1346 0 2186 3535 3985 3609 6397 4208 7983 224 782 6056 596 1947 4726 2037 4741 8127 1076 148 2516 4662 2989 5347 6624 489 1521 8007 1992 2953 5474
 2285 5123 2196 6159 3434 1948 1710 2682 1964 5053 1063 715 1513 2023 999 2923 2373 1753 2186 0 1451 2486 1574 4343 2050 5829 2107 1715 3931 1897 1834 2694 670 2730 6055 1387 2152 2010 2541 1497 3551 4468 1932 1667 5981 1107 797 3313
 2974 4060 2235 4825 2247 3327 3138 3499 2847 3651 1259 1606 754 1366 1999 3173 3630 3177 3535 1451 0 2804 1413 2914 1092 4493 3425 3139 2942 3250 3135 1265 1968 2210 4632 2816 3522 3137 1151 2195 3276 3148 3197 3054 4550 2390 730 2052
 742 4044 683 5735 3095 3694 3026 1192 1129 5112 1643 1792 2125 1783 1610 469 4363 3023 3985 2486 2804 0 1431 4794 2200 5442 4015 3236 2970 3787 2248 3632 2108 1535 6207 2930 3886 1741 3151 1066 1491 4227 3981 2582 6317 2051 2359 3203
 1723 3700 860 5011 2215 3338 2861 2278 1743 4126 522 1076 727 637 1271 1793 3870 2861 3609 1574 1413 1431 0 3634 937 4690 3568 2978 2499 3336 2451 2283 1597 1187 5206 2622 3546 2216 1852 1100 2066 3356 3435 2570 5240 1840 1100 2204
 5285 2869 4151 2334 1873 6205 6026 5841 5347 941 3843 4366 3089 3092 4717 4971 6435 6060 6397 4343 2914 4794 3634 0 2741 2046 6274 6037 2582 6122 5926 1705 4815 3412 1734 5712 6398 5798 1860 4702 4286 1277 6023 5910 1645 5206 3593 1642
 2605 3133 1554 4211 1435 3959 3590 3163 2650 3247 1219 1800 567 454 2094 2476 4395 3600 4208 2050 1092 2200 937 2741 0 3882 4131 3662 1959 3918 3301 1480 2306 1206 4318 3310 4164 3111 989 2002 2300 2526 3950 3363 4342 2631 1310 1357
 6084 1858 4890 334 2506 7753 7431 6599 6288 1152 5058 5644 4378 4086 5918 5456 8102 7443 7983 5829 4493 5442 4690 2046 3882 0 7887 7497 2529 7696 7115 3468 6155 3967 1394 7148 7959 6843 3358 5725 4399 1369 7669 7209 1815 6475 5054 2532
 3489 7197 3987 8216 5517 389 1139 3582 3026 7051 3062 2525 3598 4084 2473 4425 390 1429 224 2107 3425 4015 3568 6274 4131 7887 0 864 5998 542 2044 4599 2016 4709 8000 1110 332 2604 4552 3003 5352 6526 300 1611 7872 2014 2862 5384
 2671 6647 3280 7823 5059 499 295 2740 2205 6744 2501 1927 3146 3542 1776 3632 1219 588 782 1715 3139 3236 2978 6037 3662 7497 864 0 5447 721 1201 4374 1392 4079 7748 376 674 1762 4233 2263 4622 6133 963 768 7667 1266 2484 4967
 3642 1221 2472 2801 918 5791 5328 4132 3901 2467 2958 3540 2477 1948 3722 2954 6280 5327 6056 3931 2942 2970 2499 2582 1959 2529 5998 5447 0 5775 4844 2575 4065 1533 3501 5091 6001 4488 2111 3410 1919 1513 5839 5019 3727 4299 3228 1206
 3275 6974 3750 8025 5308 421 992 3395 2816 6880 2832 2291 3386 3858 2237 4199 882 1255 596 1897 3250 3787 3336 6122 3918 7696 542 721 5775 0 1832 4401 1735 4429 7800 851 537 2377 4327 2724 5071 6287 504 1398 7686 1740 2616 5138
 1591 6018 2467 7431 4635 1676 944 1571 1134 6507 2100 1578 2866 3057 1216 2594 2397 983 1947 1834 3135 2248 2451 5926 3301 7115 2044 1201 4844 1832 0 4355 1195 3381 7570 1043 1829 596 4077 1460 3701 5775 2123 465 7560 798 2423 4613
 3973 3469 2991 3791 1698 4535 4381 4524 3937 2511 2349 2803 1621 1896 3181 3918 4772 4421 4726 2694 1265 3632 2283 1705 1480 3468 4599 4374 2575 4401 4355 0 3203 2549 3431 4055 4723 4303 552 3271 3624 2203 4351 4294 3323 3615 1964 1395
 1760 5265 1987 6479 3696 1758 1293 2089 1379 5457 1122 546 1810 2162 504 2542 2343 1301 2037 670 1968 2108 1597 4815 2306 6155 2016 1392 4065 1735 1195 3203 0 2717 6497 1039 1970 1356 2975 1069 3363 4796 1931 1108 6456 454 1260 3626
 2174 2688 991 4261 1629 4463 3933 2685 2418 3644 1678 2206 1519 878 2314 1627 5019 3928 4741 2730 2210 1535 1187 3412 1206 3967 4709 4079 1533 4429 3381 2549 2717 0 4732 3723 4667 3003 2006 1941 1142 2740 4583 3583 4863 2884 2169 1771
 6777 3145 5595 1455 3142 7932 7731 7321 6900 1137 5477 6028 4735 4623 6359 6305 8166 7759 8127 6055 4632 6207 5206 1734 4318 1394 8000 7748 3501 7800 7570 3431 6497 4732 0 7417 8122 7392 3534 6275 5391 2017 7750 7585 488 6868 5290 3027
 2400 6291 2942 7474 4706 786 360 2524 1939 6406 2145 1572 2796 3186 1431 3335 1465 475 1076 1387 2816 2930 2622 5712 3310 7148 1110 376 5091 851 1043 4055 1039 3723 7417 0 986 1560 3898 1935 4294 5784 1129 625 7345 937 2147 4618
 3324 7201 3905 8287 5558 225 929 3377 2858 7152 3051 2493 3635 4086 2392 4284 623 1239 148 2152 3522 3886 3546 6398 4164 7959 332 674 6001 537 1829 4723 1970 4667 8122 986 0 2399 4645 2900 5259 6596 579 1406 8010 1902 2924 5443
 1044 5637 2059 7152 4374 2240 1510 995 621 6312 1969 1556 2743 2811 1144 2053 2960 1535 2516 2010 3137 1741 2216 5798 3111 6843 2604 1762 4488 2377 596 4303 1356 3003 7392 1560 2399 0 3966 1148 3204 5529 2665 1026 7417 985 2447 4389
 3542 3097 2503 3687 1271 4447 4208 4098 3550 2522 2005 2521 1251 1400 2874 3415 4760 4235 4662 2541 1151 3151 1852 1860 989 3358 4552 4233 2111 4327 4077 552 2975 2006 3534 3898 4645 3966 0 2892 3085 2021 4329 4068 3498 3360 1771 1007
 844 4583 1055 6036 3253 2700 2079 1333 690 5192 946 813 1682 1690 568 1500 3346 2072 2989 1497 2195 1066 1100 4702 2002 5725 3003 2263 3410 2724 1460 3271 1069 1941 6275 1935 2900 1148 2892 0 2384 4406 2953 1686 6310 1049 1584 3266
 2193 2761 1409 4649 2438 5058 4431 2544 2590 4336 2514 2920 2562 1945 2885 1251 5688 4425 5347 3551 3276 1491 2066 4286 2300 4399 5352 4622 1919 5071 3701 3624 3363 1142 5391 4294 5259 3204 3085 2384 0 3390 5284 4014 5600 3413 3136 2666
 4829 1600 3635 1696 1185 6393 6071 5362 4997 959 3706 4289 3017 2753 4573 4301 6751 6084 6624 4468 3148 4227 3356 1277 2526 1369 6526 6133 1513 6287 5775 2203 4796 2740 2017 5784 6596 5529 2021 4406 3390 0 6317 5857 2223 5125 3694 1174
 3494 7032 3905 7998 5325 555 1235 3632 3039 6813 2924 2411 3415 3928 2405 4400 438 1499 489 1932 3197 3981 3435 6023 3950 7669 300 963 5839 504 2123 4351 1931 4583 7750 1129 579 2665 4329 2953 5284 6317 0 1693 7618 1991 2673 5186
 1969 6208 2717 7530 4735 1246 515 2004 1503 6542 2155 1589 2889 3168 1306 2955 1966 549 1521 1667 3054 2582 2570 5910 3363 7209 1611 768 5019 1398 465 4294 1108 3583 7585 625 1406 1026 4068 1686 4014 5857 1693 0 7548 783 2348 4684
 6855 3492 5690 1903 3268 7825 7666 7406 6949 1301 5475 6006 4724 4675 6353 6444 8021 7700 8007 5981 4550 6317 5240 1645 4342 1815 7872 7667 3727 7686 7560 3323 6456 4863 488 7345 8010 7417 3498 6310 5600 2223 7618 7548 0 6842 5229 3114
 1574 5493 2064 6796 4001 1702 1097 1812 1139 5818 1422 862 2165 2435 582 2465 2362 1091 1992 1107 2390 2051 1840 5206 2631 6475 2014 1266 4299 1740 798 3615 454 2884 6868 937 1902 985 3360 1049 3413 5125 1991 783 6842 0 1673 3948
 2395 4406 1892 5382 2674 2720 2459 2890 2207 4278 723 911 779 1375 1308 2770 3110 2490 2953 797 730 2359 1100 3593 1310 5054 2862 2484 3228 2616 2423 1964 1260 2169 5290 2147 2924 2447 1771 1584 3136 3694 2673 2348 5229 1673 0 2542
 3751 2095 2576 2857 318 5237 4902 4298 3878 1934 2537 3119 1850 1607 3408 3349 5621 4915 5474 3313 2052 3203 2204 1642 1357 2532 5384 4967 1206 5138 4613 1395 3626 1771 3027 4618 5443 4389 1007 3266 2666 1174 5186 4684 3114 3948 2542 0

 0 4757 1235 6377 3677 3139 2440 587 478 5667 1738 1617 2380 2225 1311 1018 3874 2292 3517 2295 2966 756 1724 5311 2612 6088 3474 2680 3642 3131 1592 3961 1774 2160 6779 2402 3342 1060 3547 837 2197 4846 3523 1973 6850 1556 2417 3762
 4757 0 3623 2031 1867 6991 6532 5216 5048 2345 4178 4741 3652 3154 4933 3949 7509 6377 7346 5138 4057 4063 3706 2900 3145 1867 7187 6661 1226 6835 6024 3462 5284 2679 3152 6298 7224 5658 3107 4581 2770 1622 7066 6217 3492 5480 4433 2111
 1235 3623 0 5182 2483 3692 3102 1771 1464 4480 1214 1538 1515 1132 1527 970 4344 2942 4070 2202 2223 693 857 4173 1557 4890 3968 3285 2468 3602 2464 2975 1997 973 5593 2940 3919 2071 2504 1044 1409 3648 3930 2717 5681 2042 1910 2583
 6377 2031 5182 0 2814 8068 7748 6897 6591 1410 5386 5954 4686 4397 6241 5718 8453 7607 8389 6158 4806 5738 5001 2349 4207 327 8190 7821 2790 7870 7421 3768 6482 4236 1446 7465 8294 7157 3681 6018 4642 1702 8016 7523 1887 6767 5393 2857
 3677 1867 2483 2814 0 5338 4971 4223 3838 2024 2597 3169 1935 1603 3447 3192 5789 4826 5674 3436 2231 3101 2208 1891 1434 2502 5494 5060 910 5156 4628 1678 3702 1607 3136 4700 5568 4382 1268 3238 2434 1194 5346 4731 3255 3975 2688 321
 3139 6991 3692 8068 5338 0 760 3224 2676 6933 2847 2270 3410 3869 2190 4081 759 906 382 1949 3310 3699 3330 6222 3957 7748 365 499 5782 268 1668 4514 1763 4440 7925 779 234 2247 4443 2684 5053 6401 575 1241 7811 1675 2733 5239
 2440 6532 3102 7748 4971 760 0 2495 1970 6689 2408 1811 3066 3432 1628 3399 1513 205 1121 1712 3122 3032 2854 6044 3589 7427 1116 296 5320 840 937 4361 1299 3911 7725 354 939 1518 4205 2064 4427 6080 1256 511 7653 1071 2473 4905
 587 5216 1771 6897 4223 3224 2495 0 734 6217 2267 2065 2933 2787 1709 1319 3974 2366 3586 2698 3497 1212 2285 5873 3176 6609 3573 2755 4138 3257 1578 4518 2109 2677 7329 2532 3401 1017 4109 1332 2554 5385 3667 2014 7407 1800 2918 4315
 478 5048 1464 6591 3838 2676 1970 734 0 5797 1622 1351 2337 2310 986 1460 3412 1825 3052 1974 2839 1143 1744 5373 2657 6292 3011 2214 3901 2672 1135 3925 1393 2404 6902 1941 2876 637 3555 683 2594 5014 3068 1507 6944 1121 2229 3889
 5667 2345 4480 1410 2024 6933 6689 6217 5797 0 4411 4954 3654 3519 5289 5191 7251 6563 7232 5044 3624 5107 4108 948 3235 1137 7017 6734 2448 6717 6489 2480 5452 3611 1120 6389 7151 6309 2508 5166 4321 957 6823 6527 1277 5781 4281 1926
 1738 4178 1214 5386 2597 2847 2408 2267 1622 4411 0 601 780 1055 906 2056 3396 2260 3200 1079 1257 1663 529 3875 1232 5068 3053 2516 2964 2694 2107 2343 1142 1670 5485 2153 3075 1991 2016 945 2524 3729 2959 2165 5476 1410 751 2554
 1617 4741 1538 5954 3169 2270 1811 2065 1351 4954 601 0 1305 1630 421 2216 2859 1667 2634 716 1589 1797 1068 4383 1798 5639 2501 1927 3531 2138 1570 2782 551 2183 6021 1565 2502 1563 2517 797 2915 4297 2431 1584 5992 835 924 3121
 2380 3652 1515 4686 1935 3410 3066 2933 2337 3654 780 1305 0 663 1656 2453 3874 2932 3746 1509 732 2125 714 3101 560 4368 3569 3141 2463 3228 2853 1595 1810 1491 4723 2784 3639 2745 1242 1661 2552 3020 3430 2879 4705 2133 787 1847
 2225 3154 1132 4397 1603 3869 3432 2787 2310 3519 1055 1630 663 0 1875 2041 4391 3282 4218 2026 1351 1790 631 3111 454 4083 4062 3544 1941 3707 3051 1877 2169 857 4618 3181 4097 2820 1398 1676 1942 2763 3950 3165 4663 2410 1390 1611
 1311 4933 1527 6241 3447 2190 1628 1709 986 5289 906 421 1656 1875 0 2042 2843 1471 2563 1013 1995 1628 1276 4747 2105 5926 2462 1789 3726 2097 1221 3173 522 2304 6365 1437 2414 1164 2883 565 2893 4594 2438 1314 6352 568 1334 3423
 1018 3949 970 5718 3192 4081 3399 1319 1460 5191 2056 2216 2453 2041 2042 0 4795 3249 4461 2923 3155 473 1784 4987 2473 5450 4400 3631 2944 4045 2585 3896 2546 1603 6297 3327 4292 2059 3410 1483 1245 4308 4419 2949 6429 2437 2782 3350
 3874 7509 4344 8453 5789 759 1513 3974 3412 7251 3396 2859 3874 4391 2843 4795 0 1648 588 2400 3639 4394 3888 6478 4419 8123 392 1245 6297 755 2415 4777 2374 5022 8185 1484 658 2993 4782 3356 5709 6785 484 1987 8033 2361 3149 5649
 2292 6377 2942 7607 4826 906 205 2366 1825 6563 2260 1667 2932 3282 1471 3249 1648 0 1271 1599 3005 2873 2698 5922 3443 7283 1250 433 5163 947 820 4245 1151 3750 7597 313 1093 1387 4076 1901 4265 5937 1364 389 7531 909 2348 4762
 3517 7346 4070 8389 5674 382 1121 3586 3052 7232 3200 2634 3746 4218 2563 4461 588 1271 0 2249 3580 4052 3663 6476 4268 8040 262 844 6109 505 2001 4767 2104 4780 8182 1131 219 2585 4720 3035 5404 6694 571 1578 8055 2027 3028 5538
 2295 5138 2202 6158 3436 1949 1712 2698 1974 5044 1079 716 1509 2026 1013 2923 2400 1599 2249 0 1443 2500 1575 4369 2057 5833 2092 1724 3931 1753 1835 2682 684 2716 6057 1389 2170 2026 2546 1490 3555 4485 1961 1671 5976 1089 819 3324
 2966 4057 2223 4806 2231 3310 3122 3497 2839 3624 1257 1589 732 1351 1995 3155 3639 3005 3580 1443 0 2806 1402 2928 1087 4485 3398 3136 2930 3094 3124 1241 1970 2184 4622 2806 3528 3141 1144 2176 3268 3153 3214 3046 4533 2360 740 2051
 756 4063 693 5738 3101 3699 3032 1212 1143 5107 1663 1797 2125 1790 1628 473 4394 2873 4052 2500 2806 0 1434 4822 2209 5448 4002 3247 2972 3645 2251 3622 2124 1523 6211 2934 3906 1759 3158 1061 1497 4246 4012 2588 6314 2035 2383 3216
 1724 3706 857 5001 2208 3330 2854 2285 1744 4108 529 1068 714 631 1276 1784 3888 2698 3663 1575 1402 1434 0 3654 938 4688 3547 2981 2493 3186 2446 2265 1605 1167 5202 2618 3558 2226 1851 1087 2064 3367 3458 2568 5229 1816 1116 2209
 5311 2900 4173 2349 1891 6222 6044 5873 5373 948 3875 4383 3101 3111 4747 4987 6478 5922 6476 4369 2928 4822 3654 0 2759 2061 6270 6057 2593 5989 5938 1704 4840 3409 1747 5725 6427 5825 1876 4706 4301 1305 6063 5925 1651 5199 3626 1664
 2612 3145 1557 4207 1434 3957 3589 3176 2657 3235 1232 1798 560 454 2105 2473 4419 3443 4268 2057 1087 2209 938 2759 0 3884 4114 3669 1957 3772 3300 1466 2318 1190 4318 3310 4180 3125 992 1993 2302 2541 3977 3365 4335 2611 1330 1366
 6088 1867 4890 327 2502 7748 7427 6609 6292 1137 5068 5639 4368 4083 5926 5450 8123 7283 8040 5833 4485 5448 4688 2061 3884 0 7868 7502 2525 7548 7112 3452 6165 3949 1392 7146 7973 6855 3359 5714 4399 1382 7694 7209 1806 6453 5072 2539
 3474 7187 3968 8190 5494 365 1116 3573 3011 7017 3053 2501 3569 4062 2462 4400 392 1250 262 2092 3398 4002 3547 6270 4114 7868 0 856 5981 381 2028 4570 2013 4678 7985 1095 333 2603 4540 2979 5339 6526 312 1598 7850 1979 2867 5378
 2680 6661 3285 7821 5060 499 296 2755 2214 6734 2516 1927 3141 3544 1789 3631 1245 433 844 1724 3136 3247 2981 6057 3669 7502 856 0 5447 577 1202 4362 1406 4065 7750 378 692 1778 4238 2256 4626 6150 992 772 7662 1248 2506 4978
 3642 1226 2468 2790 910 5782 5320 4138 3901 2448 2964 3531 2463 1941 3726 2944 6297 5163 6109 3931 2930 2972 2493 2593 1957 2525 5981 5447 0 5625 4839 2557 4073 1513 3497 5087 6013 4498 2110 3397 1917 1524 5862 5017 3716 4275 3244 1211
 3131 6835 3602 7870 5156 268 840 3257 2672 6717 2694 2138 3228 3707 2097 4045 755 947 505 1753 3094 3645 3186 5989 3772 7548 381 577 5625 0 1730 4286 1646 4312 7699 750 452 2290 4229 2614 4972 6201 430 1299 7578 1619 2535 5046
 1592 6024 2464 7421 4628 1668 937 1578 1135 6489 2107 1570 2853 3051 1221 2585 2415 820 2001 1835 3124 2251 2446 5938 3300 7112 2028 1202 4839 1730 0 4337 1203 3361 7566 1039 1841 606 4076 1447 3699 5786 2146 463 7549 774 2439 4618
 3961 3462 2975 3768 1678 4514 4361 4518 3925 2480 2343 2782 1595 1877 3173 3896 4777 4245 4767 2682 1241 3622 2265 1704 1466 3452 4570 4362 2557 4286 4337 0 3202 2520 3418 4042 4726 4304 542 3249 3613 2205 4365 4283 3303 3582 1971 1391
 1774 5284 1997 6482 3702 1763 1299 2109 1393 5452 1142 551 1810 2169 522 2546 2374 1151 2104 684 1970 2124 1605 4840 2318 6165 2013 1406 4073 1646 1203 3202 0 2706 6502 1044 1991 1375 2983 1065 3370 4816 1963 1115 6454 439 1285 3640
 2160 2679 973 4236 1607 4440 3911 2677 2404 3611 1670 2183 1491 857 2304 1603 5022 3750 4780 2716 2184 1523 1167 3409 1190 3949 4678 4065 1513 4312 3361 2520 2706 0 4718 3709 4669 3003 1995 1918 1130 2741 4596 3571 4842 2850 2175 1766
 6779 3152 5593 1446 3136 7925 7725 7329 6902 1120 5485 6021 4723 4618 6365 6297 8185 7597 8182 6057 4622 6211 5202 1747 4318 1392 7985 7750 3497 7699 7566 3418 6502 4718 0 7413 8134 7402 3533 6262 5389 2028 7773 7583 477 6844 5306 3032
 2402 6298 2940 7465 4700 779 354 2532 1941 6389 2153 1565 2784 3181 1437 3327 1484 313 1131 1389 2806 2934 2618 5725 3310 7146 1095 378 5087 750 1039 4042 1044 3709 7413 0 999 1571 3898 1923 4293 5796 1153 624 7335 914 2164 4624
 3342 7224 3919 8294 5568 234 939 3401 2876 7151 3075 2502 3639 4097 2414 4292 658 1093 219 2170 3528 3906 3558 6427 4180 7973 333 692 6013 452 1841 4726 1991 4669 8134 999 0 2420 4655 2898 5268 6618 613 1415 8010 1889 2951 5459
 1060 5658 2071 7157 4382 2247 1518 1017 637 6309 1991 1563 2745 2820 1164 2059 2993 1387 2585 2026 3141 1759 2226 5825 3125 6855 2603 1778 4498 2290 606 4304 1375 3003 7402 1571 2420 0 3975 1145 3212 5550 2698 1034 7416 971 2473 4404
 3547 3107 2504 3681 1268 4443 4205 4109 3555 2508 2016 2517 1242 1398 2883 3410 4782 4076 4720 2546 1144 3158 1851 1876 992 3359 4540 4238 2110 4229 4076 542 2983 1995 3533 3898 4655 3975 0 2882 3086 2035 4355 4069 3490 3339 1790 1015
 837 4581 1044 6018 3238 2684 2064 1332 683 5166 945 797 1661 1676 565 1483 3356 1901 3035 1490 2176 1061 1087 4706 1993 5714 2979 2256 3397 2614 1447 3249 1065 1918 6262 1923 2898 1145 2882 0 2376 4411 2970 1678 6293 1019 1594 3265
 2197 2770 1409 4642 2434 5053 4427 2554 2594 4321 2524 2915 2552 1942 2893 1245 5709 4265 5404 3555 3268 1497 2064 4301 2302 4399 5339 4626 1917 4972 3699 3613 3370 1130 5389 4293 5268 3212 3086 2376 0 3403 5309 4014 5591 3391 3154 2673
 4846 1622 3648 1702 1194 6401 6080 5385 5014 957 3729 4297 3020 2763 4594 4308 6785 5937 6694 4485 3153 4246 3367 1305 2541 1382 6526 6150 1524 6201 5786 2205 4816 2741 2028 5796 6618 5550 2035 4411 3403 0 6351 5866 2223 5112 3721 1190
 3523 7066 3930 8016 5346 575 1256 3667 3068 6823 2959 2431 3430 3950 2438 4419 484 1364 571 1961 3214 4012 3458 6063 3977 7694 312 992 5862 430 2146 4365 1963 4596 7773 1153 613 2698 4355 2970 5309 6351 0 1710 7626 1986 2708 5210
 1973 6217 2717 7523 4731 1241 511 2014 1507 6527 2165 1584 2879 3165 1314 2949 1987 389 1578 1671 3046 2588 2568 5925 3365 7209 1598 772 5017 1299 463 4283 1115 3571 7583 624 1415 1034 4069 1678 4014 5866 1710 0 7539 761 2366 4691
 6850 3492 5681 1887 3255 7811 7653 7407 6944 1277 5476 5992 4705 4663 6352 6429 8033 7531 8055 5976 4533 6314 5229 1651 4335 1806 7850 7662 3716 7578 7549 3303 6454 4842 477 7335 8010 7416 3490 6293 5591 2223 7626 7539 0 6814 5241 3115
 1556 5480 2042 6767 3975 1675 1071 1800 1121 5781 1410 835 2133 2410 568 2437 2361 909 2027 1089 2360 2035 1816 5199 2611 6453 1979 1248 4275 1619 774 3582 439 2850 6844 914 1889 971 3339 1019 3391 5112 1986 761 6814 0 1677 3941
 2417 4433 1910 5393 2688 2733 2473 2918 2229 4281 751 924 787 1390 1334 2782 3149 2348 3028 819 740 2383 1116 3626 1330 5072 2867 2506 3244 2535 2439 1971 1285 2175 5306 2164 2951 2473 1790 1594 3154 3721 2708 2366 5241 1677 0 2561
 3762 2111 2583 2857 321 5239 4905 4315 3889 1926 2554 3121 1847 1611 3423 3350 5649 4762 5538 3324 2051 3216 2209 1664 1366 2539 5378 4978 1211 5046 4618 1391 3640 1766 3032 4624 5459 4404 1015 3265 2673 1190 5210 4691 3115 3941 2561 0

 0 26 24 24 18 26 24 22 28 28 24 22 30 18 32 22 16 30 32 30 24 32 18 20 16 20 20 30 28 22 28 26 26 18 26 28 24 24 22 26 26 20 20 22 24 24 24 28
 46 0 54 54 48 56 54 52 58 58 54 52 60 48 62 52 46 60 62 60 54 62 48 50 46 50 50 60 58 52 58 56 56 48 56 58 54 54 52 56 56 50 50 52 54 54 54 58
 40 50 0 48 42 50 48 46 52 52 48 46 54 42 56 46 40 54 56 54 48 56 42 44 40 44 44 54 52 46 52 50 50 42 50 52 48 48 46 50 50 44 44 46 48 48 48 52
 40 50 48 0 42 50 48 46 52 52 48 46 54 42 56 46 40 54 56 54 48 56 42 44 40 44 44 54 52 46 52 50 50 42 50 52 48 48 46 50 50 44 44 46 48 48 48 52
 22 32 30 30 0 32 30 28 34 34 30 28 36 24 38 28 22 36 38 36 30 38 24 26 22 26 26 36 34 28 34 32 32 24 32 34 30 30 28 32 32 26 26 28 30 30 30 34
 46 56 54 54 48 0 54 52 58 58 54 52 60 48 62 52 46 60 62 60 54 62 48 50 46 50 50 60 58 52 58 56 56 48 56 58 54 54 52 56 56 50 50 52 54 54 54 58
 40 50 48 48 42 50 0 46 52 52 48 46 54 42 56 46 40 54 56 54 48 56 42 44 40 44 44 54 52 46 52 50 50 42 50 52 48 48 46 50 50 44 44 46 48 48 48 52
 34 44 42 42 36 44 42 0 46 46 42 40 48 36 50 40 34 48 50 48 42 50 36 38 34 38 38 48 46 40 46 44 44 36 44 46 42 42 40 44 44 38 38 40 42 42 42 46
 52 62 60 60 54 62 60 58 0 64 60 58 66 54 68 58 52 66 68 66 60 68 54 56 52 56 56 66 64 58 64 62 62 54 62 64 60 60 58 62 62 56 56 58 60 60 60 64
 52 62 60 60 54 62 60 58 64 0 60 58 66 54 68 58 52 66 68 66 60 68 54 56 52 56 56 66 64 58 64 62 62 54 62 64 60 60 58 62 62 56 56 58 60 60 60 64
 40 50 48 48 42 50 48 46 52 52 0 46 54 42 56 46 40 54 56 54 48 56 42 44 40 44 44 54 52 46 52 50 50 42 50 52 48 48 46 50 50 44 44 46 48 48 48 52
 34 44 42 42 36 44 42 40 46 46 42 0 48 36 50 40 34 48 50 48 42 50 36 38 34 38 38 48 46 40 46 44 44 36 44 46 42 42 40 44 44 38 38 40 42 42 42 46
 58 68 66 66 60 68 66 64 70 70 66 64 0 60 74 64 58 72 74 72 66 74 60 62 58 62 62 72 70 64 70 68 68 60 68 70 66 66 64 68 68 62 62 64 66 66 66 70
 22 32 30 30 24 32 30 28 34 34 30 28 36 0 38 28 22 36 38 36 30 38 24 26 22 26 26 36 34 28 34 32 32 24 32 34 30 30 28 32 32 26 26 28 30 30 30 34
 64 74 72 72 66 74 72 70 76 76 72 70 78 66 0 70 64 78 80 78 72 80 66 68 64 68 68 78 76 70 76 74 74 66 74 76 72 72 70 74 74 68 68 70 72 72 72 76
 34 44 42 42 36 44 42 40 46 46 42 40 48 36 50 0 34 48 50 48 42 50 36 38 34 38 38 48 46 40 46 44 44 36 44 46 42 42 40 44 44 38 38 40 42 42 42 46
 16 26 24 24 18 26 24 22 28 28 24 22 30 18 32 22 0 30 32 30 24 32 18 20 16 20 20 30 28 22 28 26 26 18 26 28 24 24 22 26 26 20 20 22 24 24 24 28
 58 68 66 66 60 68 66 64 70 70 66 64 72 60 74 64 58 0 74 72 66 74 60 62 58 62 62 72 70 64 70 68 68 60 68 70 66 66 64 68 68 62 62 64 66 66 66 70
 64 74 72 72 66 74 72 70 76 76 72 70 78 66 80 70 64 78 0 78 72 80 66 68 64 68 68 78 76 70 76 74 74 66 74 76 72 72 70 74 74 68 68 70 72 72 72 76
 58 68 66 66 60 68 66 64 70 70 66 64 72 60 74 64 58 72 74 0 66 74 60 62 58 62 62 72 70 64 70 68 68 60 68 70 66 66 64 68 68 62 62 64 66 66 66 70
 40 50 48 48 42 50 48 46 52 52 48 46 54 42 56 46 40 54 56 54 0 56 42 44 40 44 44 54 52 46 52 50 50 42 50 52 48 48 46 50 50 44 44 46 48 48 48 52
 64 74 72 72 66 74 72 70 76 76 72 70 78 66 80 70 64 78 80 78 72 0 66 68 64 68 68 78 76 70 76 74 74 66 74 76 72 72 70 74 74 68 68 70 72 72 72 76
 22 32 30 30 24 32 30 28 34 34 30 28 36 24 38 28 22 36 38 36 30 38 0 26 22 26 26 36 34 28 34 32 32 24 32 34 30 30 28 32 32 26 26 28 30 30 30 34
 28 38 36 36 30 38 36 34 40 40 36 34 42 30 44 34 28 42 44 42 36 44 30 0 28 32 32 42 40 34 40 38 38 30 38 40 36 36 34 38 38 32 32 34 36 36 36 40
 16 26 24 24 18 26 24 22 28 28 24 22 30 18 32 22 16 30 32 30 24 32 18 20 0 20 20 30 28 22 28 26 26 18 26 28 24 24 22 26 26 20 20 22 24 24 24 28
 28 38 36 36 30 38 36 34 40 40 36 34 42 30 44 34 28 42 44 42 36 44 30 32 28 0 32 42 40 34 40 38 38 30 38 40 36 36 34 38 38 32 32 34 36 36 36 40
 28 38 36 36 30 38 36 34 40 40 36 34 42 30 44 34 28 42 44 42 36 44 30 32 28 32 0 42 40 34 40 38 38 30 38 40 36 36 34 38 38 32 32 34 36 36 36 40
 58 68 66 66 60 68 66 64 70 70 66 64 72 60 74 64 58 72 74 72 66 74 60 62 58 62 62 0 70 64 70 68 68 60 68 70 66 66 64 68 68 62 62 64 66 66 66 70
 52 62 60 60 54 62 60 58 64 64 60 58 66 54 68 58 52 66 68 66 60 68 54 56 52 56 56 66 0 58 64 62 62 54 62 64 60 60 58 62 62 56 56 58 60 60 60 64
 34 44 42 42 36 44 42 40 46 46 42 40 48 36 50 40 34 48 50 48 42 50 36 38 34 38 38 48 46 0 46 44 44 36 44 46 42 42 40 44 44 38 38 40 42 42 42 46
 52 62 60 60 54 62 60 58 64 64 60 58 66 54 68 58 52 66 68 66 60 68 54 56 52 56 56 66 64 58 0 62 62 54 62 64 60 60 58 62 62 56 56 58 60 60 60 64
 46 56 54 54 48 56 54 52 58 58 54 52 60 48 62 52 46 60 62 60 54 62 48 50 46 50 50 60 58 52 58 0 56 48 56 58 54 54 52 56 56 50 50 52 54 54 54 58
 46 56 54 54 48 56 54 52 58 58 54 52 60 48 62 52 46 60 62 60 54 62 48 50 46 50 50 60 58 52 58 56 0 48 56 58 54 54 52 56 56 50 50 52 54 54 54 58
 22 32 30 30 24 32 30 28 34 34 30 28 36 24 38 28 22 36 38 36 30 38 24 26 22 26 26 36 34 28 34 32 32 0 32 34 30 30 28 32 32 26 26 28 30 30 30 34
 46 56 54 54 48 56 54 52 58 58 54 52 60 48 62 52 46 60 62 60 54 62 48 50 46 50 50 60 58 52 58 56 56 48 0 58 54 54 52 56 56 50 50 52 54 54 54 58
 52 62 60 60 54 62 60 58 64 64 60 58 66 54 68 58 52 66 68 66 60 68 54 56 52 56 56 66 64 58 64 62 62 54 62 0 60 60 58 62 62 56 56 58 60 60 60 64
 40 50 48 48 42 50 48 46 52 52 48 46 54 42 56 46 40 54 56 54 48 56 42 44 40 44 44 54 52 46 52 50 50 42 50 52 0 48 46 50 50 44 44 46 48 48 48 52
 40 50 48 48 42 50 48 46 52 52 48 46 54 42 56 46 40 54 56 54 48 56 42 44 40 44 44 54 52 46 52 50 50 42 50 52 48 0 46 50 50 44 44 46 48 48 48 52
 34 44 42 42 36 44 42 40 46 46 42 40 48 36 50 40 34 48 50 48 42 50 36 38 34 38 38 48 46 40 46 44 44 36 44 46 42 42 0 44 44 38 38 40 42 42 42 46
 46 56 54 54 48 56 54 52 58 58 54 52 60 48 62 52 46 60 62 60 54 62 48 50 46 50 50 60 58 52 58 56 56 48 56 58 54 54 52 0 56 50 50 52 54 54 54 58
 46 56 54 54 48 56 54 52 58 58 54 52 60 48 62 52 46 60 62 60 54 62 48 50 46 50 50 60 58 52 58 56 56 48 56 58 54 54 52 56 0 50 50 52 54 54 54 58
 28 38 36 36 30 38 36 34 40 40 36 34 42 30 44 34 28 42 44 42 36 44 30 32 28 32 32 42 40 34 40 38 38 30 38 40 36 36 34 38 38 0 32 34 36 36 36 40
 28 38 36 36 30 38 36 34 40 40 36 34 42 30 44 34 28 42 44 42 36 44 30 32 28 32 32 42 40 34 40 38 38 30 38 40 36 36 34 38 38 32 0 34 36 36 36 40
 34 44 42 42 36 44 42 40 46 46 42 40 48 36 50 40 34 48 50 48 42 50 36 38 34 38 38 48 46 40 46 44 44 36 44 46 42 42 40 44 44 38 38 0 42 42 42 46
 40 50 48 48 42 50 48 46 52 52 48 46 54 42 56 46 40 54 56 54 48 56 42 44 40 44 44 54 52 46 52 50 50 42 50 52 48 48 46 50 50 44 44 46 0 48 48 52
 40 50 48 48 42 50 48 46 52 52 48 46 54 42 56 46 40 54 56 54 48 56 42 44 40 44 44 54 52 46 52 50 50 42 50 52 48 48 46 50 50 44 44 46 48 0 48 52
 40 50 48 48 42 50 48 46 52 52 48 46 54 42 56 46 40 54 56 54 48 56 42 44 40 44 44 54 52 46 52 50 50 42 50 52 48 48 46 50 50 44 44 46 48 48 0 52
 52 62 60 60 54 62 60 58 64 64 60 58 66 54 68 58 52 66 68 66 60 68 54 56 52 56 56 66 64 58 64 62 62 54 62 64 60 60 58 62 62 56 56 58 60 60 60 0

 0 62 60 66 64 64 54 56 62 64 64 54 54 66 64 64 68 62 54 62 58 62 66 56 52 56 66 58 58 58 68 58 66 64 64 54 68 64 64 56 62 66 54 66 66 54 58 64
 58 0 54 60 58 58 48 50 56 58 58 48 48 60 58 58 62 56 48 56 52 56 60 50 46 50 60 52 52 52 62 52 60 58 58 48 62 58 58 50 56 60 48 60 60 48 52 58
 52 50 0 54 52 52 42 44 50 52 52 42 42 54 52 52 56 50 42 50 46 50 54 44 40 44 54 46 46 46 56 46 54 52 52 42 56 52 52 44 50 54 42 54 54 42 46 52
 70 68 66 0 70 70 60 62 68 70 70 60 60 72 70 70 74 68 60 68 64 68 72 62 58 62 72 64 64 64 74 64 72 70 70 60 74 70 70 62 68 72 60 72 72 60 64 70
 64 62 60 66 0 64 54 56 62 64 64 54 54 66 64 64 68 62 54 62 58 62 66 56 52 56 66 58 58 58 68 58 66 64 64 54 68 64 64 56 62 66 54 66 66 54 58 64
 64 62 60 66 64 0 54 56 62 64 64 54 54 66 64 64 68 62 54 62 58 62 66 56 52 56 66 58 58 58 68 58 66 64 64 54 68 64 64 56 62 66 54 66 66 54 58 64
 34 32 30 36 34 34 0 26 32 34 34 24 24 36 34 34 38 32 24 32 28 32 36 26 22 26 36 28 28 28 38 28 36 34 34 24 38 34 34 26 32 36 24 36 36 24 28 34
 40 38 36 42 40 40 30 0 38 40 40 30 30 42 40 40 44 38 30 38 34 38 42 32 28 32 42 34 34 34 44 34 42 40 40 30 44 40 40 32 38 42 30 42 42 30 34 40
 58 56 54 60 58 58 48 50 0 58 58 48 48 60 58 58 62 56 48 56 52 56 60 50 46 50 60 52 52 52 62 52 60 58 58 48 62 58 58 50 56 60 48 60 60 48 52 58
 64 62 60 66 64 64 54 56 62 0 64 54 54 66 64 64 68 62 54 62 58 62 66 56 52 56 66 58 58 58 68 58 66 64 64 54 68 64 64 56 62 66 54 66 66 54 58 64
 64 62 60 66 64 64 54 56 62 64 0 54 54 66 64 64 68 62 54 62 58 62 66 56 52 56 66 58 58 58 68 58 66 64 64 54 68 64 64 56 62 66 54 66 66 54 58 64
 34 32 30 36 34 34 24 26 32 34 34 0 24 36 34 34 38 32 24 32 28 32 36 26 22 26 36 28 28 28 38 28 36 34 34 24 38 34 34 26 32 36 24 36 36 24 28 34
 34 32 30 36 34 34 24 26 32 34 34 24 0 36 34 34 38 32 24 32 28 32 36 26 22 26 36 28 28 28 38 28 36 34 34 24 38 34 34 26 32 36 24 36 36 24 28 34
 70 68 66 72 70 70 60 62 68 70 70 60 60 0 70 70 74 68 60 68 64 68 72 62 58 62 72 64 64 64 74 64 72 70 70 60 74 70 70 62 68 72 60 72 72 60 64 70
 64 62 60 66 64 64 54 56 62 64 64 54 54 66 0 64 68 62 54 62 58 62 66 56 52 56 66 58 58 58 68 58 66 64 64 54 68 64 64 56 62 66 54 66 66 54 58 64
 64 62 60 66 64 64 54 56 62 64 64 54 54 66 64 0 68 62 54 62 58 62 66 56 52 56 66 58 58 58 68 58 66 64 64 54 68 64 64 56 62 66 54 66 66 54 58 64
 76 74 72 78 76 76 66 68 74 76 76 66 66 78 76 76 0 74 66 74 70 74 78 68 64 68 78 70 70 70 80 70 78 76 76 66 80 76 76 68 74 78 66 78 78 66 70 76
 58 56 54 60 58 58 48 50 56 58 58 48 48 60 58 58 62 0 48 56 52 56 60 50 46 50 60 52 52 52 62 52 60 58 58 48 62 58 58 50 56 60 48 60 60 48 52 58
 34 32 30 36 34 34 24 26 32 34 34 24 24 36 34 34 38 32 0 32 28 32 36 26 22 26 36 28 28 28 38 28 36 34 34 24 38 34 34 26 32 36 24 36 36 24 28 34
 58 56 54 60 58 58 48 50 56 58 58 48 48 60 58 58 62 56 48 0 52 56 60 50 46 50 60 52 52 52 62 52 60 58 58 48 62 58 58 50 56 60 48 60 60 48 52 58
 46 44 42 48 46 46 36 38 44 46 46 36 36 48 46 46 50 44 36 44 0 44 48 38 34 38 48 40 40 40 50 40 48 46 46 36 50 46 46 38 44 48 36 48 48 36 40 46
 58 56 54 60 58 58 48 50 56 58 58 48 48 60 58 58 62 56 48 56 52 0 60 50 46 50 60 52 52 52 62 52 60 58 58 48 62 58 58 50 56 60 48 60 60 48 52 58
 70 68 66 72 70 70 60 62 68 70 70 60 60 72 70 70 74 68 60 68 64 68 0 62 58 62 72 64 64 64 74 64 72 70 70 60 74 70 70 62 68 72 60 72 72 60 64 70
 40 38 36 42 40 40 30 32 38 40 40 30 30 42 40 40 44 38 30 38 34 38 42 0 28 32 42 34 34 34 44 34 42 40 40 30 44 40 40 32 38 42 30 42 42 30 34 40
 28 26 24 30 28 28 18 20 26 28 28 18 18 30 28 28 32 26 18 26 22 26 30 20 0 20 30 22 22 22 32 22 30 28 28 18 32 28 28 20 26 30 18 30 30 18 22 28
 40 38 36 42 40 40 30 32 38 40 40 30 30 42 40 40 44 38 30 38 34 38 42 32 28 0 42 34 34 34 44 34 42 40 40 30 44 40 40 32 38 42 30 42 42 30 34 40
 70 68 66 72 70 70 60 62 68 70 70 60 60 72 70 70 74 68 60 68 64 68 72 62 58 62 0 64 64 64 74 64 72 70 70 60 74 70 70 62 68 72 60 72 72 60 64 70
 46 44 42 48 46 46 36 38 44 46 46 36 36 48 46 46 50 44 36 44 40 44 48 38 34 38 48 0 40 40 50 40 48 46 46 36 50 46 46 38 44 48 36 48 48 36 40 46
 46 44 42 48 46 46 36 38 44 46 46 36 36 48 46 46 50 44 36 44 40 44 48 38 34 38 48 40 0 40 50 40 48 46 46 36 50 46 46 38 44 48 36 48 48 36 40 46
 46 44 42 48 46 46 36 38 44 46 46 36 36 48 46 46 50 44 36 44 40 44 48 38 34 38 48 40 40 0 50 40 48 46 46 36 50 46 46 38 44 48 36 48 48 36 40 46
 76 74 72 78 76 76 66 68 74 76 76 66 66 78 76 76 80 74 66 74 70 74 78 68 64 68 78 70 70 70 0 70 78 76 76 66 80 76 76 68 74 78 66 78 78 66 70 76
 46 44 42 48 46 46 36 38 44 46 46 36 36 48 46 46 50 44 36 44 40 44 48 38 34 38 48 40 40 40 50 0 48 46 46 36 50 46 46 38 44 48 36 48 48 36 40 46
 70 68 66 72 70 70 60 62 68 70 70 60 60 72 70 70 74 68 60 68 64 68 72 62 58 62 72 64 64 64 74 64 0 70 70 60 74 70 70 62 68 72 60 72 72 60 64 70
 64 62 60 66 64 64 54 56 62 64 64 54 54 66 64 64 68 62 54 62 58 62 66 56 52 56 66 58 58 58 68 58 66 0 64 54 68 64 64 56 62 66 54 66 66 54 58 64
 64 62 60 66 64 64 54 56 62 64 64 54 54 66 64 64 68 62 54 62 58 62 66 56 52 56 66 58 58 58 68 58 66 64 0 54 68 64 64 56 62 66 54 66 66 54 58 64
 34 32 30 36 34 34 24 26 32 34 34 24 24 36 34 34 38 32 24 32 28 32 36 26 22 26 36 28 28 28 38 28 36 34 34 0 38 34 34 26 32 36 24 36 36 24 28 34
 76 74 72 78 76 76 66 68 74 76 76 66 66 78 76 76 80 74 66 74 70 74 78 68 64 68 78 70 70 70 80 70 78 76 76 66 0 76 76 68 74 78 66 78 78 66 70 76
 64 62 60 66 64 64 54 56 62 64 64 54 54 66 64 64 68 62 54 62 58 62 66 56 52 56 66 58 58 58 68 58 66 64 64 54 68 0 64 56 62 66 54 66 66 54 58 64
 64 62 60 66 64 64 54 56 62 64 64 54 54 66 64 64 68 62 54 62 58 62 66 56 52 56 66 58 58 58 68 58 66 64 64 54 68 64 0 56 62 66 54 66 66 54 58 64
 40 38 36 42 40 40 30 32 38 40 40 30 30 42 40 40 44 38 30 38 34 38 42 32 28 32 42 34 34 34 44 34 42 40 40 30 44 40 40 0 38 42 30 42 42 30 34 40
 58 56 54 60 58 58 48 50 56 58 58 48 48 60 58 58 62 56 48 56 52 56 60 50 46 50 60 52 52 52 62 52 60 58 58 48 62 58 58 50 0 60 48 60 60 48 52 58
 70 68 66 72 70 70 60 62 68 70 70 60 60 72 70 70 74 68 60 68 64 68 72 62 58 62 72 64 64 64 74 64 72 70 70 60 74 70 70 62 68 0 60 72 72 60 64 70
 34 32 30 36 34 34 24 26 32 34 34 24 24 36 34 34 38 32 24 32 28 32 36 26 22 26 36 28 28 28 38 28 36 34 34 24 38 34 34 26 32 36 0 36 36 24 28 34
 70 68 66 72 70 70 60 62 68 70 70 60 60 72 70 70 74 68 60 68 64 68 72 62 58 62 72 64 64 64 74 64 72 70 70 60 74 70 70 62 68 72 60 0 72 60 64 70
 70 68 66 72 70 70 60 62 68 70 70 60 60 72 70 70 74 68 60 68 64 68 72 62 58 62 72 64 64 64 74 64 72 70 70 60 74 70 70 62 68 72 60 72 0 60 64 70
 34 32 30 36 34 34 24 26 32 34 34 24 24 36 34 34 38 32 24 32 28 32 36 26 22 26 36 28 28 28 38 28 36 34 34 24 38 34 34 26 32 36 24 36 36 0 28 34
 46 44 42 48 46 46 36 38 44 46 46 36 36 48 46 46 50 44 36 44 40 44 48 38 34 38 48 40 40 40 50 40 48 46 46 36 50 46 46 38 44 48 36 48 48 36 0 46
 64 62 60 66 64 64 54 56 62 64 64 54 54 66 64 64 68 62 54 62 58 62 66 56 52 56 66 58 58 58 68 58 66 64 64 54 68 64 64 56 62 66 54 66 66 54 58 0

 0 66 66 60 52 66 52 68 66 62 62 64 58 68 60 64 64 58 62 56 64 62 64 58 58 64 64 62 64 54 64 68 60 66 58 64 56 58 58 60 58 62 60 66 62 62 62 56
 70 0 72 66 58 72 58 74 72 68 68 70 64 74 66 70 70 64 68 62 70 68 70 64 64 70 70 68 70 60 70 74 66 72 64 70 62 64 64 66 64 68 66 72 68 68 68 62
 70 72 0 66 58 72 58 74 72 68 68 70 64 74 66 70 70 64 68 62 70 68 70 64 64 70 70 68 70 60 70 74 66 72 64 70 62 64 64 66 64 68 66 72 68 68 68 62
 52 54 54 0 40 54 40 56 54 50 50 52 46 56 48 52 52 46 50 44 52 50 52 46 46 52 52 50 52 42 52 56 48 54 46 52 44 46 46 48 46 50 48 54 50 50 50 44
 28 30 30 24 0 30 16 32 30 26 26 28 22 32 24 28 28 22 26 20 28 26 28 22 22 28 28 26 28 18 28 32 24 30 22 28 20 22 22 24 22 26 24 30 26 26 26 20
 70 72 72 66 58 0 58 74 72 68 68 70 64 74 66 70 70 64 68 62 70 68 70 64 64 70 70 68 70 60 70 74 66 72 64 70 62 64 64 66 64 68 66 72 68 68 68 62
 28 30 30 24 16 30 0 32 30 26 26 28 22 32 24 28 28 22 26 20 28 26 28 22 22 28 28 26 28 18 28 32 24 30 22 28 20 22 22 24 22 26 24 30 26 26 26 20
 76 78 78 72 64 78 64 0 78 74 74 76 70 80 72 76 76 70 74 68 76 74 76 70 70 76 76 74 76 66 76 80 72 78 70 76 68 70 70 72 70 74 72 78 74 74 74 68
 70 72 72 66 58 72 58 74 0 68 68 70 64 74 66 70 70 64 68 62 70 68 70 64 64 70 70 68 70 60 70 74 66 72 64 70 62 64 64 66 64 68 66 72 68 68 68 62
 58 60 60 54 46 60 46 62 60 0 56 58 52 62 54 58 58 52 56 50 58 56 58 52 52 58 58 56 58 48 58 62 54 60 52 58 50 52 52 54 52 56 54 60 56 56 56 50
 58 60 60 54 46 60 46 62 60 56 0 58 52 62 54 58 58 52 56 50 58 56 58 52 52 58 58 56 58 48 58 62 54 60 52 58 50 52 52 54 52 56 54 60 56 56 56 50
 64 66 66 60 52 66 52 68 66 62 62 0 58 68 60 64 64 58 62 56 64 62 64 58 58 64 64 62 64 54 64 68 60 66 58 64 56 58 58 60 58 62 60 66 62 62 62 56
 46 48 48 42 34 48 34 50 48 44 44 46 0 50 42 46 46 40 44 38 46 44 46 40 40 46 46 44 46 36 46 50 42 48 40 46 38 40 40 42 40 44 42 48 44 44 44 38
 76 78 78 72 64 78 64 80 78 74 74 76 70 0 72 76 76 70 74 68 76 74 76 70 70 76 76 74 76 66 76 80 72 78 70 76 68 70 70 72 70 74 72 78 74 74 74 68
 52 54 54 48 40 54 40 56 54 50 50 52 46 56 0 52 52 46 50 44 52 50 52 46 46 52 52 50 52 42 52 56 48 54 46 52 44 46 46 48 46 50 48 54 50 50 50 44
 64 66 66 60 52 66 52 68 66 62 62 64 58 68 60 0 64 58 62 56 64 62 64 58 58 64 64 62 64 54 64 68 60 66 58 64 56 58 58 60 58 62 60 66 62 62 62 56
 64 66 66 60 52 66 52 68 66 62 62 64 58 68 60 64 0 58 62 56 64 62 64 58 58 64 64 62 64 54 64 68 60 66 58 64 56 58 58 60 58 62 60 66 62 62 62 56
 46 48 48 42 34 48 34 50 48 44 44 46 40 50 42 46 46 0 44 38 46 44 46 40 40 46 46 44 46 36 46 50 42 48 40 46 38 40 40 42 40 44 42 48 44 44 44 38
 58 60 60 54 46 60 46 62 60 56 56 58 52 62 54 58 58 52 0 50 58 56 58 52 52 58 58 56 58 48 58 62 54 60 52 58 50 52 52 54 52 56 54 60 56 56 56 50
 40 42 42 36 28 42 28 44 42 38 38 40 34 44 36 40 40 34 38 0 40 38 40 34 34 40 40 38 40 30 40 44 36 42 34 40 32 34 34 36 34 38 36 42 38 38 38 32
 64 66 66 60 52 66 52 68 66 62 62 64 58 68 60 64 64 58 62 56 0 62 64 58 58 64 64 62 64 54 64 68 60 66 58 64 56 58 58 60 58 62 60 66 62 62 62 56
 58 60 60 54 46 60 46 62 60 56 56 58 52 62 54 58 58 52 56 50 58 0 58 52 52 58 58 56 58 48 58 62 54 60 52 58 50 52 52 54 52 56 54 60 56 56 56 50
 64 66 66 60 52 66 52 68 66 62 62 64 58 68 60 64 64 58 62 56 64 62 0 58 58 64 64 62 64 54 64 68 60 66 58 64 56 58 58 60 58 62 60 66 62 62 62 56
 46 48 48 42 34 48 34 50 48 44 44 46 40 50 42 46 46 40 44 38 46 44 46 0 40 46 46 44 46 36 46 50 42 48 40 46 38 40 40 42 40 44 42 48 44 44 44 38
 46 48 48 42 34 48 34 50 48 44 44 46 40 50 42 46 46 40 44 38 46 44 46 40 0 46 46 44 46 36 46 50 42 48 40 46 38 40 40 42 40 44 42 48 44 44 44 38
 64 66 66 60 52 66 52 68 66 62 62 64 58 68 60 64 64 58 62 56 64 62 64 58 58 0 64 62 64 54 64 68 60 66 58 64 56 58 58 60 58 62 60 66 62 62 62 56
 64 66 66 60 52 66 52 68 66 62 62 64 58 68 60 64 64 58 62 56 64 62 64 58 58 64 0 62 64 54 64 68 60 66 58 64 56 58 58 60 58 62 60 66 62 62 62 56
 58 60 60 54 46 60 46 62 60 56 56 58 52 62 54 58 58 52 56 50 58 56 58 52 52 58 58 0 58 48 58 62 54 60 52 58 50 52 52 54 52 56 54 60 56 56 56 50
 64 66 66 60 52 66 52 68 66 62 62 64 58 68 60 64 64 58 62 56 64 62 64 58 58 64 64 62 0 54 64 68 60 66 58 64 56 58 58 60 58 62 60 66 62 62 62 56
 34 36 36 30 22 36 22 38 36 32 32 34 28 38 30 34 34 28 32 26 34 32 34 28 28 34 34 32 34 0 34 38 30 36 28 34 26 28 28 30 28 32 30 36 32 32 32 26
 64 66 66 60 52 66 52 68 66 62 62 64 58 68 60 64 64 58 62 56 64 62 64 58 58 64 64 62 64 54 0 68 60 66 58 64 56 58 58 60 58 62 60 66 62 62 62 56
 76 78 78 72 64 78 64 80 78 74 74 76 70 80 72 76 76 70 74 68 76 74 76 70 70 76 76 74 76 66 76 0 72 78 70 76 68 70 70 72 70 74 72 78 74 74 74 68
 52 54 54 48 40 54 40 56 54 50 50 52 46 56 48 52 52 46 50 44 52 50 52 46 46 52 52 50 52 42 52 56 0 54 46 52 44 46 46 48 46 50 48 54 50 50 50 44
 70 72 72 66 58 72 58 74 72 68 68 70 64 74 66 70 70 64 68 62 70 68 70 64 64 70 70 68 70 60 70 74 66 0 64 70 62 64 64 66 64 68 66 72 68 68 68 62
 46 48 48 42 34 48 34 50 48 44 44 46 40 50 42 46 46 40 44 38 46 44 46 40 40 46 46 44 46 36 46 50 42 48 0 46 38 40 40 42 40 44 42 48 44 44 44 38
 64 66 66 60 52 66 52 68 66 62 62 64 58 68 60 64 64 58 62 56 64 62 64 58 58 64 64 62 64 54 64 68 60 66 58 0 56 58 58 60 58 62 60 66 62 62 62 56
 40 42 42 36 28 42 28 44 42 38 38 40 34 44 36 40 40 34 38 32 40 38 40 34 34 40 40 38 40 30 40 44 36 42 34 40 0 34 34 36 34 38 36 42 38 38 38 32
 46 48 48 42 34 48 34 50 48 44 44 46 40 50 42 46 46 40 44 38 46 44 46 40 40 46 46 44 46 36 46 50 42 48 40 46 38 0 40 42 40 44 42 48 44 44 44 38
 46 48 48 42 34 48 34 50 48 44 44 46 40 50 42 46 46 40 44 38 46 44 46 40 40 46 46 44 46 36 46 50 42 48 40 46 38 40 0 42 40 44 42 48 44 44 44 38
 52 54 54 48 40 54 40 56 54 50 50 52 46 56 48 52 52 46 50 44 52 50 52 46 46 52 52 50 52 42 52 56 48 54 46 52 44 46 46 0 46 50 48 54 50 50 50 44
 46 48 48 42 34 48 34 50 48 44 44 46 40 50 42 46 46 40 44 38 46 44 46 40 40 46 46 44 46 36 46 50 42 48 40 46 38 40 40 42 0 44 42 48 44 44 44 38
 58 60 60 54 46 60 46 62 60 56 56 58 52 62 54 58 58 52 56 50 58 56 58 52 52 58 58 56 58 48 58 62 54 60 52 58 50 52 52 54 52 0 54 60 56 56 56 50
 52 54 54 48 40 54 40 56 54 50 50 52 46 56 48 52 52 46 50 44 52 50 52 46 46 52 52 50 52 42 52 56 48 54 46 52 44 46 46 48 46 50 0 54 50 50 50 44
 70 72 72 66 58 72 58 74 72 68 68 70 64 74 66 70 70 64 68 62 70 68 70 64 64 70 70 68 70 60 70 74 66 72 64 70 62 64 64 66 64 68 66 0 68 68 68 62
 58 60 60 54 46 60 46 62 60 56 56 58 52 62 54 58 58 52 56 50 58 56 58 52 52 58 58 56 58 48 58 62 54 60 52 58 50 52 52 54 52 56 54 60 0 56 56 50
 58 60 60 54 46 60 46 62 60 56 56 58 52 62 54 58 58 52 56 50 58 56 58 52 52 58 58 56 58 48 58 62 54 60 52 58 50 52 52 54 52 56 54 60 56 0 56 50
 58 60 60 54 46 60 46 62 60 56 56 58 52 62 54 58 58 52 56 50 58 56 58 52 52 58 58 56 58 48 58 62 54 60 52 58 50 52 52 54 52 56 54 60 56 56 0 50
 40 42 42 36 28 42 28 44 42 38 38 40 34 44 36 40 40 34 38 32 40 38 40 34 34 40 40 38 40 30 40 44 36 42 34 40 32 34 34 36 34 38 36 42 38 38 38 0

 0 66 74 68 66 68 78 66 74 80 72 70 72 70 68 76 72 74 68 68 74 78 72 66 80 68 70 74 76 68 66 78 74 66 68 74 76 70 76 66 74 68 74 66 70 68 74 76
 38 0 32 26 24 26 36 24 32 38 30 28 30 28 26 34 30 32 26 26 32 36 30 24 38 26 28 32 34 26 24 36 32 24 26 32 34 28 34 24 32 26 32 24 28 26 32 34
 62 48 0 50 48 50 60 48 56 62 54 52 54 52 50 58 54 56 50 50 56 60 54 48 62 50 52 56 58 50 48 60 56 48 50 56 58 52 58 48 56 50 56 48 52 50 56 58
 44 30 38 0 30 32 42 30 38 44 36 34 36 34 32 40 36 38 32 32 38 42 36 30 44 32 34 38 40 32 30 42 38 30 32 38 40 34 40 30 38 32 38 30 34 32 38 40
 38 24 32 26 0 26 36 24 32 38 30 28 30 28 26 34 30 32 26 26 32 36 30 24 38 26 28 32 34 26 24 36 32 24 26 32 34 28 34 24 32 26 32 24 28 26 32 34
 44 30 38 32 30 0 42 30 38 44 36 34 36 34 32 40 36 38 32 32 38 42 36 30 44 32 34 38 40 32 30 42 38 30 32 38 40 34 40 30 38 32 38 30 34 32 38 40
 74 60 68 62 60 62 0 60 68 74 66 64 66 64 62 70 66 68 62 62 68 72 66 60 74 62 64 68 70 62 60 72 68 60 62 68 70 64 70 60 68 62 68 60 64 62 68 70
 38 24 32 26 24 26 36 0 32 38 30 28 30 28 26 34 30 32 26 26 32 36 30 24 38 26 28 32 34 26 24 36 32 24 26 32 34 28 34 24 32 26 32 24 28 26 32 34
 62 48 56 50 48 50 60 48 0 62 54 52 54 52 50 58 54 56 50 50 56 60 54 48 62 50 52 56 58 50 48 60 56 48 50 56 58 52 58 48 56 50 56 48 52 50 56 58
 80 66 74 68 66 68 78 66 74 0 72 70 72 70 68 76 72 74 68 68 74 78 72 66 80 68 70 74 76 68 66 78 74 66 68 74 76 70 76 66 74 68 74 66 70 68 74 76
 56 42 50 44 42 44 54 42 50 56 0 46 48 46 44 52 48 50 44 44 50 54 48 42 56 44 46 50 52 44 42 54 50 42 44 50 52 46 52 42 50 44 50 42 46 44 50 52
 50 36 44 38 36 38 48 36 44 50 42 0 42 40 38 46 42 44 38 38 44 48 42 36 50 38 40 44 46 38 36 48 44 36 38 44 46 40 46 36 44 38 44 36 40 38 44 46
 56 42 50 44 42 44 54 42 50 56 48 46 0 46 44 52 48 50 44 44 50 54 48 42 56 44 46 50 52 44 42 54 50 42 44 50 52 46 52 42 50 44 50 42 46 44 50 52
 50 36 44 38 36 38 48 36 44 50 42 40 42 0 38 46 42 44 38 38 44 48 42 36 50 38 40 44 46 38 36 48 44 36 38 44 46 40 46 36 44 38 44 36 40 38 44 46
 44 30 38 32 30 32 42 30 38 44 36 34 36 34 0 40 36 38 32 32 38 42 36 30 44 32 34 38 40 32 30 42 38 30 32 38 40 34 40 30 38 32 38 30 34 32 38 40
 68 54 62 56 54 56 66 54 62 68 60 58 60 58 56 0 60 62 56 56 62 66 60 54 68 56 58 62 64 56 54 66 62 54 56 62 64 58 64 54 62 56 62 54 58 56 62 64
 56 42 50 44 42 44 54 42 50 56 48 46 48 46 44 52 0 50 44 44 50 54 48 42 56 44 46 50 52 44 42 54 50 42 44 50 52 46 52 42 50 44 50 42 46 44 50 52
 62 48 56 50 48 50 60 48 56 62 54 52 54 52 50 58 54 0 50 50 56 60 54 48 62 50 52 56 58 50 48 60 56 48 50 56 58 52 58 48 56 50 56 48 52 50 56 58
 44 30 38 32 30 32 42 30 38 44 36 34 36 34 32 40 36 38 0 32 38 42 36 30 44 32 34 38 40 32 30 42 38 30 32 38 40 34 40 30 38 32 38 30 34 32 38 40
 44 30 38 32 30 32 42 30 38 44 36 34 36 34 32 40 36 38 32 0 38 42 36 30 44 32 34 38 40 32 30 42 38 30 32 38 40 34 40 30 38 32 38 30 34 32 38 40
 62 48 56 50 48 50 60 48 56 62 54 52 54 52 50 58 54 56 50 50 0 60 54 48 62 50 52 56 58 50 48 60 56 48 50 56 58 52 58 48 56 50 56 48 52 50 56 58
 74 60 68 62 60 62 72 60 68 74 66 64 66 64 62 70 66 68 62 62 68 0 66 60 74 62 64 68 70 62 60 72 68 60 62 68 70 64 70 60 68 62 68 60 64 62 68 70
 56 42 50 44 42 44 54 42 50 56 48 46 48 46 44 52 48 50 44 44 50 54 0 42 56 44 46 50 52 44 42 54 50 42 44 50 52 46 52 42 50 44 50 42 46 44 50 52
 38 24 32 26 24 26 36 24 32 38 30 28 30 28 26 34 30 32 26 26 32 36 30 0 38 26 28 32 34 26 24 36 32 24 26 32 34 28 34 24 32 26 32 24 28 26 32 34
 80 66 74 68 66 68 78 66 74 80 72 70 72 70 68 76 72 74 68 68 74 78 72 66 0 68 70 74 76 68 66 78 74 66 68 74 76 70 76 66 74 68 74 66 70 68 74 76
 44 30 38 32 30 32 42 30 38 44 36 34 36 34 32 40 36 38 32 32 38 42 36 30 44 0 34 38 40 32 30 42 38 30 32 38 40 34 40 30 38 32 38 30 34 32 38 40
 50 36 44 38 36 38 48 36 44 50 42 40 42 40 38 46 42 44 38 38 44 48 42 36 50 38 0 44 46 38 36 48 44 36 38 44 46 40 46 36 44 38 44 36 40 38 44 46
 62 48 56 50 48 50 60 48 56 62 54 52 54 52 50 58 54 56 50 50 56 60 54 48 62 50 52 0 58 50 48 60 56 48 50 56 58 52 58 48 56 50 56 48 52 50 56 58
 68 54 62 56 54 56 66 54 62 68 60 58 60 58 56 64 60 62 56 56 62 66 60 54 68 56 58 62 0 56 54 66 62 54 56 62 64 58 64 54 62 56 62 54 58 56 62 64
 44 30 38 32 30 32 42 30 38 44 36 34 36 34 32 40 36 38 32 32 38 42 36 30 44 32 34 38 40 0 30 42 38 30 32 38 40 34 40 30 38 32 38 30 34 32 38 40
 38 24 32 26 24 26 36 24 32 38 30 28 30 28 26 34 30 32 26 26 32 36 30 24 38 26 28 32 34 26 0 36 32 24 26 32 34 28 34 24 32 26 32 24 28 26 32 34
 74 60 68 62 60 62 72 60 68 74 66 64 66 64 62 70 66 68 62 62 68 72 66 60 74 62 64 68 70 62 60 0 68 60 62 68 70 64 70 60 68 62 68 60 64 62 68 70
 62 48 56 50 48 50 60 48 56 62 54 52 54 52 50 58 54 56 50 50 56 60 54 48 62 50 52 56 58 50 48 60 0 48 50 56 58 52 58 48 56 50 56 48 52 50 56 58
 38 24 32 26 24 26 36 24 32 38 30 28 30 28 26 34 30 32 26 26 32 36 30 24 38 26 28 32 34 26 24 36 32 0 26 32 34 28 34 24 32 26 32 24 28 26 32 34
 44 30 38 32 30 32 42 30 38 44 36 34 36 34 32 40 36 38 32 32 38 42 36 30 44 32 34 38 40 32 30 42 38 30 0 38 40 34 40 30 38 32 38 30 34 32 38 40
 62 48 56 50 48 50 60 48 56 62 54 52 54 52 50 58 54 56 50 50 56 60 54 48 62 50 52 56 58 50 48 60 56 48 50 0 58 52 58 48 56 50 56 48 52 50 56 58
 68 54 62 56 54 56 66 54 62 68 60 58 60 58 56 64 60 62 56 56 62 66 60 54 68 56 58 62 64 56 54 66 62 54 56 62 0 58 64 54 62 56 62 54 58 56 62 64
 50 36 44 38 36 38 48 36 44 50 42 40 42 40 38 46 42 44 38 38 44 48 42 36 50 38 40 44 46 38 36 48 44 36 38 44 46 0 46 36 44 38 44 36 40 38 44 46
 68 54 62 56 54 56 66 54 62 68 60 58 60 58 56 64 60 62 56 56 62 66 60 54 68 56 58 62 64 56 54 66 62 54 56 62 64 58 0 54 62 56 62 54 58 56 62 64
 38 24 32 26 24 26 36 24 32 38 30 28 30 28 26 34 30 32 26 26 32 36 30 24 38 26 28 32 34 26 24 36 32 24 26 32 34 28 34 0 32 26 32 24 28 26 32 34
 62 48 56 50 48 50 60 48 56 62 54 52 54 52 50 58 54 56 50 50 56 60 54 48 62 50 52 56 58 50 48 60 56 48 50 56 58 52 58 48 0 50 56 48 52 50 56 58
 44 30 38 32 30 32 42 30 38 44 36 34 36 34 32 40 36 38 32 32 38 42 36 30 44 32 34 38 40 32 30 42 38 30 32 38 40 34 40 30 38 0 38 30 34 32 38 40
 62 48 56 50 48 50 60 48 56 62 54 52 54 52 50 58 54 56 50 50 56 60 54 48 62 50 52 56 58 50 48 60 56 48 50 56 58 52 58 48 56 50 0 48 52 50 56 58
 38 24 32 26 24 26 36 24 32 38 30 28 30 28 26 34 30 32 26 26 32 36 30 24 38 26 28 32 34 26 24 36 32 24 26 32 34 28 34 24 32 26 32 0 28 26 32 34
 50 36 44 38 36 38 48 36 44 50 42 40 42 40 38 46 42 44 38 38 44 48 42 36 50 38 40 44 46 38 36 48 44 36 38 44 46 40 46 36 44 38 44 36 0 38 44 46
 44 30 38 32 30 32 42 30 38 44 36 34 36 34 32 40 36 38 32 32 38 42 36 30 44 32 34 38 40 32 30 42 38 30 32 38 40 34 40 30 38 32 38 30 34 0 38 40
 62 48 56 50 48 50 60 48 56 62 54 52 54 52 50 58 54 56 50 50 56 60 54 48 62 50 52 56 58 50 48 60 56 48 50 56 58 52 58 48 56 50 56 48 52 50 0 58
 68 54 62 56 54 56 66 54 62 68 60 58 60 58 56 64 60 62 56 56 62 66 60 54 68 56 58 62 64 56 54 66 62 54 56 62 64 58 64 54 62 56 62 54 58 56 62 0