40 5

 0 100 71 97 121 75 38 62 128 56 76 83 97 97 46 74 63 88 82 68 54 118 73 35 85 109 125 107 89 38 102 113 99 88 88 36 51 42 56 95
 100 0 80 39 37 72 63 41 45 47 36 30 70 13 87 48 63 36 65 73 79 45 55 93 70 29 43 70 52 83 48 74 48 51 25 69 88 70 64 81
 71 80 0 91 100 98 36 65 99 56 64 71 109 76 79 65 45 79 35 93 24 83 36 61 102 92 94 62 94 64 101 67 98 51 79 35 45 28 24 115
 97 39 91 0 46 53 66 33 62 44 39 32 49 32 79 49 70 32 82 55 89 67 69 93 50 36 62 91 31 81 29 96 26 69 12 73 93 76 74 60
 121 37 100 46 0 81 86 60 26 68 58 51 75 25 107 70 87 54 85 85 103 45 78 116 78 29 28 85 59 106 45 88 52 72 35 93 112 94 88 86
 75 72 98 53 81 0 64 37 100 47 59 59 31 69 56 63 78 60 101 8 93 104 87 81 16 74 100 118 37 67 46 124 48 93 50 70 92 78 82 21
 38 63 36 66 86 64 0 37 93 28 43 51 80 64 44 42 26 58 47 59 29 82 37 32 71 76 89 72 67 29 77 78 73 51 58 8 29 14 22 83
 62 41 65 33 60 37 37 0 73 14 23 26 45 41 48 26 44 29 65 35 63 72 51 61 39 49 72 81 31 49 42 87 38 56 27 44 65 49 49 52
 128 45 99 62 26 100 93 73 0 78 67 61 93 34 118 79 91 66 81 101 103 33 77 122 96 44 12 77 77 114 65 79 70 70 50 97 115 97 89 105
 56 47 56 44 68 47 28 14 78 0 25 32 58 47 45 24 36 37 59 44 54 73 44 54 51 57 77 77 44 42 54 83 50 52 37 35 56 40 41 64
 76 36 64 39 58 59 43 23 67 25 0 20 61 34 64 25 44 28 58 56 63 62 44 70 58 46 64 72 44 60 50 78 46 47 28 48 68 51 48 71
 83 30 71 32 51 59 51 26 61 32 20 0 58 28 70 32 51 21 63 57 70 59 50 78 56 39 59 74 40 67 44 80 41 50 21 56 75 58 55 69
 97 70 109 49 75 31 80 45 93 58 61 58 0 63 75 67 86 57 106 34 104 98 92 98 25 66 92 119 30 84 34 124 39 95 43 83 105 89 91 31
 97 13 76 32 25 69 64 41 34 47 34 28 63 0 87 48 64 34 65 71 80 38 55 93 67 19 34 68 48 84 41 72 43 51 20 70 89 71 65 77
 46 87 79 79 107 56 44 48 118 45 64 70 75 87 0 60 61 72 85 45 67 110 73 49 62 93 113 108 68 36 81 114 78 85 70 43 63 51 60 72
 74 48 65 49 70 63 42 26 79 24 25 32 67 48 60 0 42 37 60 56 61 70 46 66 61 56 74 76 49 56 58 82 54 51 37 45 65 48 46 74
 63 63 45 70 87 78 26 44 91 36 44 51 86 64 61 42 0 57 46 70 40 76 33 53 78 73 84 68 70 49 79 74 75 46 57 27 45 28 25 91
 88 36 79 32 54 60 58 29 66 37 28 21 57 34 72 37 57 0 70 57 77 64 57 83 56 40 63 81 39 72 42 87 39 58 20 62 82 65 62 68
 82 65 35 82 85 101 47 65 81 59 58 63 106 65 85 60 46 70 0 96 38 62 27 74 102 79 75 37 90 74 94 42 91 35 70 47 58 41 33 115
 68 73 93 55 85 8 59 35 101 44 56 57 34 71 45 56 70 57 96 0 88 105 84 75 22 76 102 116 40 61 51 122 52 91 52 65 86 72 78 28
 54 79 24 89 103 93 29 63 103 54 63 70 104 80 67 61 40 77 38 88 0 87 39 48 98 94 99 66 92 54 101 71 97 55 79 25 31 17 23 111
 118 45 83 67 45 104 82 72 33 73 62 59 98 38 110 70 76 64 62 105 87 0 61 111 100 51 25 56 81 105 75 57 77 53 54 85 101 83 74 111
 73 55 36 69 78 87 37 51 77 44 44 50 92 55 73 46 33 57 27 84 39 61 0 65 87 69 72 48 76 63 81 54 78 29 57 38 52 34 25 101
 35 93 61 93 116 81 32 61 122 54 70 78 98 93 49 66 53 83 74 75 48 111 65 0 86 102 116 97 86 35 98 103 94 78 82 26 42 32 46 97
 85 70 102 50 78 16 71 39 96 51 58 56 25 67 62 61 78 56 102 22 98 100 87 86 0 69 95 117 32 74 40 123 43 92 45 75 96 82 85 24
 109 29 92 36 29 74 76 49 44 57 46 39 66 19 93 56 73 40 79 76 94 51 69 102 69 0 42 82 49 92 39 86 42 64 22 80 99 82 76 77
 125 43 94 62 28 100 89 72 12 77 64 59 92 34 113 74 84 63 75 102 99 25 72 116 95 42 0 72 78 112 67 73 71 66 51 95 112 94 86 106
 107 70 62 91 85 118 72 81 77 77 72 74 119 68 108 76 68 81 37 116 66 56 48 97 117 82 72 0 100 96 100 31 99 43 76 70 82 65 56 128
 89 52 94 31 59 37 67 31 77 44 44 40 30 48 68 49 70 39 90 40 92 81 76 86 32 49 78 100 0 75 26 107 24 78 26 72 93 77 76 42
 38 83 64 81 106 67 29 49 114 42 60 67 84 84 36 56 49 72 74 61 54 105 63 35 74 92 112 96 75 0 85 102 82 74 70 28 47 35 46 83
 102 48 101 29 45 46 77 42 65 54 50 44 34 41 81 58 79 42 94 51 101 75 81 98 40 39 67 100 26 85 0 108 22 82 24 83 104 88 86 47
 113 74 67 96 88 124 78 87 79 83 78 80 124 72 114 82 74 87 42 122 71 57 54 103 123 86 73 31 107 102 108 0 104 50 81 76 88 70 62 134
 99 48 98 26 52 48 73 38 70 50 46 41 39 43 78 54 75 39 91 52 97 77 78 94 43 42 71 99 24 82 22 104 0 77 21 77 98 82 80 51
 88 51 51 69 72 93 51 56 70 52 47 50 95 51 85 51 46 58 35 91 55 53 29 78 92 64 66 43 78 74 82 50 77 0 55 52 67 49 40 104
 88 25 79 12 35 50 58 27 50 37 28 21 43 20 70 37 57 20 70 52 79 54 57 82 45 22 51 76 26 70 24 81 21 55 0 65 85 68 65 58
 36 69 35 73 93 70 8 44 97 35 48 56 83 70 43 45 27 62 47 65 25 85 38 26 75 80 95 70 72 28 83 76 77 52 65 0 24 10 23 89
 51 88 45 93 112 92 29 65 115 56 68 75 105 89 63 65 45 82 58 86 31 101 52 42 96 99 112 82 93 47 104 88 98 67 85 24 0 17 32 107
 42 70 28 76 94 78 14 49 97 40 51 58 89 71 51 48 28 65 41 72 17 83 34 32 82 82 94 65 77 35 88 70 82 49 68 10 17 0 18 96
 56 64 24 74 88 82 22 49 89 41 48 55 91 65 60 46 25 62 33 78 23 74 25 46 85 76 86 56 76 46 86 62 80 40 65 23 32 18 0 99
 95 81 115 60 86 21 83 52 105 64 71 69 31 77 72 74 91 68 115 28 111 111 101 97 24 77 106 128 42 83 47 134 51 104 58 89 107 96 99 0

 0 100 61 90 127 86 46 64 122 67 77 81 87 100 40 71 51 88 85 74 62 112 77 20 84 99 130 97 81 34 103 102 101 86 95 46 46 52 51 99
 100 0 72 34 45 85 73 45 41 60 39 30 62 18 83 47 53 38 70 81 89 41 61 80 71 21 50 62 46 81 51 65 52 51 34 81 85 82 61 87
 61 72 0 79 101 104 39 62 88 62 60 64 94 74 68 57 28 74 33 94 27 72 35 41 96 77 94 47 81 55 97 51 95 44 81 40 35 33 14 114
 90 34 79 0 49 61 71 32 53 52 37 27 36 32 70 43 55 29 82 58 94 58 70 75 46 23 64 78 20 74 27 82 25 64 16 80 85 83 66 61
 127 45 101 49 0 98 100 68 26 85 65 55 71 34 107 73 81 60 94 97 117 45 88 107 83 25 39 81 57 108 52 83 60 76 48 109 113 110 89 96
 86 85 104 61 98 0 81 48 103 67 69 66 30 81 59 69 75 69 113 23 110 107 100 75 24 73 114 117 38 72 56 122 59 100 66 89 96 97 86 34
 46 73 39 71 100 81 0 46 94 46 51 56 77 74 45 46 21 65 57 72 44 83 48 24 77 73 101 69 66 32 85 74 82 56 72 25 31 31 24 94
 64 45 62 32 68 48 46 0 70 28 27 27 38 47 45 26 35 32 71 44 74 69 58 49 41 42 80 74 26 48 46 79 43 57 37 57 63 62 47 59
 122 41 88 53 26 103 94 70 0 86 65 56 80 34 109 73 76 63 81 104 108 24 78 104 92 31 14 64 66 107 63 65 69 65 54 104 107 104 81 106
 67 60 62 52 85 67 46 28 86 0 35 39 57 59 48 30 33 46 71 59 71 76 57 48 59 56 91 76 45 47 64 81 61 59 53 54 60 59 45 77
 77 39 60 37 65 69 51 27 65 35 0 20 53 39 60 24 34 30 63 64 73 58 50 57 59 38 71 64 38 58 53 69 50 47 37 60 65 63 45 77
 81 30 64 27 55 66 56 27 56 39 20 0 48 31 64 29 39 21 66 63 78 53 54 63 55 29 64 64 32 63 45 69 43 48 28 66 70 68 50 73
 87 62 94 36 71 30 77 38 80 57 53 48 0 61 64 59 69 52 104 35 107 87 91 78 19 51 92 104 17 75 30 108 36 88 45 88 95 94 81 30
 100 18 74 32 34 81 74 47 34 59 39 31 61 0 85 49 56 38 72 81 92 36 63 82 70 13 43 62 44 84 46 65 49 53 31 84 88 85 64 85
 40 83 68 70 107 59 45 45 109 48 60 64 64 85 0 55 47 70 86 49 73 102 75 32 59 81 116 96 58 30 80 101 78 81 75 51 56 59 53 74
 71 47 57 43 73 69 46 26 73 30 24 29 59 49 55 0 30 37 63 62 69 64 50 51 60 46 79 66 41 52 59 71 56 49 44 55 60 58 41 78
 51 53 28 55 81 75 21 35 76 33 34 39 69 56 47 30 0 51 43 70 42 64 31 32 71 57 83 52 56 39 74 57 71 38 58 31 34 32 14 89
 88 38 74 29 60 69 65 32 63 46 30 21 52 38 70 37 51 0 74 64 86 59 62 69 56 31 69 72 32 69 44 77 42 57 28 73 78 76 58 73
 85 70 33 82 94 113 57 71 81 71 63 66 104 72 86 63 43 74 0 106 50 60 35 63 105 73 84 31 86 74 99 35 97 37 81 61 57 55 32 123
 74 81 94 58 97 23 72 44 104 59 64 63 35 81 49 62 70 64 106 0 102 105 94 66 27 72 113 112 38 63 58 117 60 95 65 81 87 88 79 38
 62 89 27 94 117 110 44 74 108 71 73 78 107 92 73 69 42 86 50 102 0 88 50 40 104 91 111 63 91 57 109 67 106 60 93 42 33 34 25 122
 112 41 72 58 45 107 83 69 24 76 58 53 87 36 102 64 64 59 60 105 88 0 63 94 97 39 28 44 71 99 74 44 77 49 59 93 94 91 67 113
 77 61 35 70 88 100 48 58 78 57 50 54 91 63 75 50 31 62 35 94 50 63 0 54 90 63 81 42 72 63 86 47 84 31 68 52 51 48 24 109
 20 80 41 75 107 75 24 49 104 48 57 63 78 82 32 51 32 69 63 66 40 94 54 0 76 83 112 78 69 22 90 83 87 67 80 27 28 33 32 92
 84 71 96 46 83 24 77 41 92 59 59 55 19 70 59 60 71 56 105 27 104 97 90 76 0 60 101 108 25 71 42 113 46 91 53 86 92 93 81 29
 99 21 77 23 25 73 73 42 31 56 38 29 51 13 81 46 57 31 73 72 91 39 63 83 60 0 42 67 36 83 35 70 39 57 24 85 89 87 66 76
 130 50 94 64 39 114 101 80 14 91 71 64 92 43 116 79 83 69 84 113 111 28 81 112 101 42 0 67 75 113 73 67 78 69 63 110 112 109 86 115
 97 62 47 78 81 117 69 74 64 76 64 64 104 62 96 66 52 72 31 112 63 44 42 78 108 67 67 0 87 87 96 15 96 36 78 75 72 70 46 127
 81 46 81 20 57 38 66 26 66 45 38 32 17 44 58 41 56 32 86 38 91 71 72 69 25 36 75 87 0 67 23 92 22 72 29 78 84 83 67 42
 34 81 55 74 108 72 32 48 107 47 58 63 75 84 30 52 39 69 74 63 57 99 63 22 71 83 113 87 67 0 85 90 83 71 76 37 41 44 40 86
 103 51 97 27 52 56 85 46 63 64 53 45 30 46 80 59 74 44 99 58 109 74 86 90 42 35 73 96 23 85 0 100 27 83 34 96 102 101 84 54
 102 65 51 82 83 122 74 79 65 81 69 69 108 65 101 71 57 77 35 117 67 44 47 83 113 70 67 15 92 90 100 0 100 42 82 80 77 74 51 132
 101 52 95 25 60 59 82 43 69 61 50 43 36 49 78 56 71 42 97 60 106 77 84 87 46 39 78 96 22 83 27 100 0 78 31 90 96 95 78 58
 86 51 44 64 76 100 56 57 65 59 47 48 88 53 81 49 38 57 37 95 60 49 31 67 91 57 69 36 72 71 83 42 78 0 62 62 62 59 35 108
 95 34 81 16 48 66 72 37 54 53 37 28 45 31 75 44 58 28 81 65 93 59 68 80 53 24 63 78 29 76 34 82 31 62 0 82 87 85 67 69
 46 81 40 80 109 89 25 57 104 54 60 66 88 84 51 55 31 73 61 81 42 93 52 27 86 85 110 75 78 37 96 80 90 62 82 0 27 28 26 101
 46 85 35 85 113 96 31 63 107 60 65 70 95 88 56 60 34 78 57 87 33 94 51 28 92 89 112 72 84 41 102 77 96 62 87 27 0 25 25 109
 52 82 33 83 110 97 31 62 104 59 63 68 94 85 59 58 32 76 55 88 34 91 48 33 93 87 109 70 83 44 101 74 95 59 85 28 25 0 21 108
 51 61 14 66 89 86 24 47 81 45 45 50 81 64 53 41 14 58 32 79 25 67 24 32 81 66 86 46 67 40 84 51 78 35 67 26 25 21 0 101
 99 87 114 61 96 34 94 59 106 77 77 73 30 85 74 78 89 73 123 38 122 113 109 92 29 76 115 127 42 86 54 132 58 108 69 101 109 108 101 0

 0 107 74 96 132 89 40 66 129 60 72 80 96 111 38 68 60 85 78 82 53 117 79 27 81 115 132 101 97 41 106 106 100 89 103 49 45 57 62 106
 107 0 85 40 50 88 67 47 48 53 34 29 71 29 81 44 62 35 63 89 80 46 63 87 68 37 52 66 62 88 54 69 51 54 42 84 84 87 72 94
 74 85 0 89 110 111 37 68 99 59 59 67 107 89 70 58 41 75 30 106 22 81 41 52 97 97 100 55 101 66 104 59 98 51 93 47 38 42 29 125
 96 40 89 0 53 63 64 33 59 44 31 25 44 42 67 39 63 25 74 65 84 62 71 81 42 38 65 81 35 80 29 85 23 66 23 82 83 87 76 67
 132 50 110 53 0 99 92 68 31 76 58 52 78 43 103 68 88 55 85 103 106 48 88 112 78 39 39 83 71 113 53 85 57 77 54 110 110 113 98 101
 89 88 111 63 99 0 72 47 107 57 61 62 36 89 54 63 81 63 103 28 98 109 99 79 18 86 113 118 51 76 56 123 55 100 71 89 92 99 94 38
 40 67 37 64 92 72 0 39 92 30 37 46 77 76 34 34 21 53 41 71 26 79 41 22 65 80 94 64 73 30 79 69 72 50 71 19 21 27 26 92
 66 47 68 33 68 47 39 0 74 18 19 23 44 55 40 20 41 26 61 49 62 71 57 53 35 55 79 75 39 52 46 80 39 57 42 57 59 64 55 63
 129 48 99 59 31 107 92 74 0 79 60 55 89 45 107 70 85 60 74 112 99 29 80 111 89 47 16 68 82 114 66 69 68 68 62 107 106 109 92 113
 60 53 59 44 76 57 30 18 79 0 20 28 56 60 36 17 32 33 54 57 52 71 49 45 46 62 83 70 51 44 57 75 50 52 51 47 49 54 46 74
 72 34 59 31 58 61 37 19 60 20 0 11 54 42 50 13 35 19 48 64 56 55 44 56 48 46 65 60 46 57 48 65 41 42 37 55 56 60 48 76
 80 29 67 25 52 62 46 23 55 28 11 0 52 37 57 21 43 13 54 66 64 53 51 65 47 40 61 63 43 65 43 68 37 46 31 64 64 68 56 75
 96 71 107 44 78 36 77 44 89 56 54 52 0 73 63 57 79 50 98 44 99 93 94 86 17 68 95 109 34 83 34 113 36 92 54 92 95 100 93 38
 111 29 89 42 43 89 76 55 45 60 42 37 73 0 85 48 67 37 67 91 85 43 67 91 69 31 47 68 62 93 51 71 50 58 41 89 89 92 77 94
 38 81 70 67 103 54 34 40 107 36 50 57 63 85 0 45 49 60 72 50 57 100 70 32 49 90 111 93 67 30 76 98 70 77 76 47 48 57 57 74
 68 44 58 39 68 63 34 20 70 17 13 21 57 48 45 0 32 27 49 63 53 62 45 51 50 55 74 63 50 52 55 68 48 45 45 51 52 56 45 78
 60 62 41 63 88 81 21 41 85 32 35 43 79 67 49 32 0 49 37 79 34 70 34 40 69 74 86 57 73 47 78 62 71 42 67 35 34 38 26 97
 85 35 75 25 55 63 53 26 60 33 19 13 50 37 60 27 49 0 60 65 70 57 57 69 46 40 64 69 41 69 40 74 34 53 29 69 70 74 62 73
 78 63 30 74 85 103 41 61 74 54 48 54 98 67 72 49 37 60 0 104 31 55 27 60 92 79 76 25 92 71 92 29 86 30 79 54 46 50 33 120
 82 89 106 65 103 28 71 49 112 57 64 66 44 91 50 63 79 65 104 0 93 110 96 73 24 88 115 116 54 70 61 121 59 98 73 84 86 93 90 45
 53 80 22 84 106 98 26 62 99 52 56 64 99 85 57 53 34 70 31 93 0 82 41 36 90 96 102 56 96 53 101 60 94 52 90 34 21 28 25 118
 117 46 81 62 48 109 79 71 29 71 55 53 93 43 100 62 70 57 55 110 82 0 63 99 92 53 28 46 85 104 75 46 74 50 65 94 91 94 76 118
 79 63 41 71 88 99 41 57 80 49 44 51 94 67 70 45 34 57 27 96 41 63 0 58 84 76 80 43 85 67 86 48 80 31 73 52 47 50 32 113
 27 87 52 81 112 79 22 53 111 45 56 65 86 91 32 51 40 69 60 73 36 99 58 0 73 99 114 82 85 29 93 87 86 70 88 30 27 38 43 99
 81 68 97 42 78 18 65 35 89 46 48 47 17 69 49 50 69 46 92 24 90 92 84 73 0 69 96 105 34 71 38 110 38 87 54 82 84 91 85 29
 115 37 97 38 39 86 80 55 47 62 46 40 68 31 90 55 74 40 79 88 96 53 76 99 69 0 50 77 58 96 44 80 44 66 38 94 94 98 83 89
 132 52 100 65 39 113 94 79 16 83 65 61 95 47 111 74 86 64 76 115 102 28 80 114 96 50 0 67 87 116 72 67 73 68 67 109 107 110 93 118
 101 66 55 81 83 118 64 75 68 70 60 63 109 68 93 63 57 69 25 116 56 46 43 82 105 77 67 0 100 91 96 16 92 36 83 75 68 72 54 131
 97 62 101 35 71 51 73 39 82 51 46 43 34 62 67 50 73 41 92 54 96 85 85 85 34 58 87 100 0 80 32 102 27 81 43 87 89 94 84 55
 41 88 66 80 113 76 30 52 114 44 57 65 83 93 30 52 47 69 71 70 53 104 67 29 71 96 116 91 80 0 88 94 82 74 84 40 40 49 51 93
 106 54 104 29 53 56 79 46 66 57 48 43 34 51 76 55 78 40 92 61 101 75 86 93 38 44 72 96 32 88 0 101 23 83 39 96 98 103 92 58
 106 69 59 85 85 123 69 80 69 75 65 68 113 71 98 68 62 74 29 121 60 46 48 87 110 80 67 16 102 94 101 0 97 43 88 81 74 77 60 137
 100 51 98 23 57 55 72 39 68 50 41 37 36 50 70 48 71 34 86 59 94 74 80 86 38 44 73 92 27 82 23 97 0 76 34 88 90 95 84 60
 89 54 51 66 77 100 50 57 68 52 42 46 92 58 77 45 42 53 30 98 52 50 31 70 87 66 68 36 81 74 83 43 76 0 67 62 58 61 43 112
 103 42 93 23 54 71 71 42 62 51 37 31 54 41 76 45 67 29 79 73 90 65 73 88 54 38 67 83 43 84 39 88 34 67 0 85 86 90 78 76
 49 84 47 82 110 89 19 57 107 47 55 64 92 89 47 51 35 69 54 84 34 94 52 30 82 94 109 75 87 40 96 81 88 62 85 0 23 30 34 105
 45 84 38 83 110 92 21 59 106 49 56 64 95 89 48 52 34 70 46 86 21 91 47 27 84 94 107 68 89 40 98 74 90 58 86 23 0 24 30 110
 57 87 42 87 113 99 27 64 109 54 60 68 100 92 57 56 38 74 50 93 28 94 50 38 91 98 110 72 94 49 103 77 95 61 90 30 24 0 31 114
 62 72 29 76 98 94 26 55 92 46 48 56 93 77 57 45 26 62 33 90 25 76 32 43 85 83 93 54 84 51 92 60 84 43 78 34 30 31 0 111
 106 94 125 67 101 38 92 63 113 74 76 75 38 94 74 78 97 73 120 45 118 118 113 99 29 89 118 131 55 93 58 137 60 112 76 105 110 114 111 0

 0 96 65 97 127 87 51 63 126 66 73 82 94 96 35 69 54 84 82 82 57 116 71 23 82 101 127 93 86 37 111 103 96 83 89 40 49 51 63 91
 96 0 72 37 41 82 74 40 41 55 31 27 65 10 74 41 52 30 63 85 80 41 51 79 65 19 43 54 47 80 55 62 43 44 24 71 84 77 69 75
 65 72 0 87 102 106 45 62 93 62 57 66 102 71 64 56 32 71 31 103 23 77 30 45 95 80 92 44 87 59 106 53 91 42 76 35 39 33 27 107
 97 37 87 0 52 65 79 34 60 54 36 31 46 31 68 44 61 28 82 69 92 65 67 81 47 28 64 77 28 80 38 86 23 64 13 77 91 85 81 56
 127 41 102 52 0 97 103 65 28 82 59 54 76 28 100 69 82 54 89 103 110 47 80 108 79 25 34 75 60 109 58 82 53 71 40 101 114 107 99 86
 87 82 106 65 97 0 85 46 106 65 64 66 36 76 53 66 77 64 109 30 104 110 93 77 21 74 110 112 42 74 63 122 53 96 59 82 98 95 97 25
 51 74 45 79 103 85 0 47 100 47 49 59 86 72 42 46 26 63 56 82 41 89 44 29 77 77 100 67 73 37 95 77 79 55 68 21 36 32 38 88
 63 40 62 34 65 46 47 0 72 25 21 26 43 41 38 22 36 26 66 50 67 71 50 50 37 42 75 68 29 49 52 78 36 52 29 49 64 59 57 49
 126 41 93 60 28 106 100 72 0 86 62 58 88 31 105 72 80 60 79 113 104 29 73 108 91 34 12 61 72 111 72 67 65 63 49 99 111 104 94 99
 66 55 62 54 82 65 47 25 86 0 28 37 61 52 40 25 33 39 65 64 63 77 48 48 54 55 85 69 47 47 69 79 53 53 44 45 60 55 54 66
 73 31 57 36 59 64 49 21 62 28 0 17 56 31 51 18 33 22 56 68 64 58 40 56 53 36 64 56 39 57 57 66 41 40 27 50 64 58 53 65
 82 27 66 31 54 66 59 26 58 37 17 0 54 26 58 26 41 16 62 70 72 56 47 65 52 30 60 59 36 65 52 69 37 44 21 59 72 66 61 64
 94 65 102 46 76 36 86 43 88 61 56 54 0 60 62 60 75 51 104 46 105 94 88 84 20 56 92 103 25 81 41 112 34 88 42 85 101 96 96 25
 96 10 71 31 28 76 72 41 31 52 31 26 60 0 75 42 54 29 64 84 82 35 52 80 63 10 35 53 44 82 49 61 39 45 20 73 86 79 71 72
 35 74 64 68 100 53 42 38 105 40 51 58 62 75 0 48 45 61 78 52 63 101 64 30 52 78 108 87 58 28 83 97 68 73 64 40 54 53 60 61
 69 41 56 44 69 66 46 22 72 25 18 26 60 42 48 0 30 30 57 67 61 65 41 51 55 45 73 59 43 52 64 69 48 43 35 46 60 54 50 67
 54 52 32 61 82 77 26 36 80 33 33 41 75 54 45 30 0 47 40 78 37 68 25 35 69 59 80 48 61 42 82 58 66 35 52 25 37 31 26 81
 84 30 71 28 54 64 63 26 60 39 22 16 51 29 61 30 47 0 67 68 77 59 52 68 50 29 62 64 33 68 48 74 33 50 18 63 77 71 66 61
 82 63 31 82 89 109 56 66 79 65 56 62 104 64 78 57 40 67 0 110 41 60 25 62 99 71 77 23 87 73 103 32 88 30 71 51 56 50 40 111
 82 85 103 69 103 30 82 50 113 64 68 70 46 84 52 67 78 68 110 0 101 113 92 73 29 78 114 112 47 70 70 122 59 96 63 79 94 91 95 34
 57 80 23 92 110 104 41 67 104 63 64 72 105 82 63 61 37 77 41 101 0 87 39 38 97 88 103 54 91 55 112 63 96 52 82 31 31 28 32 109
 116 41 77 65 47 110 89 71 29 77 58 56 94 35 101 65 68 59 60 113 87 0 58 98 96 42 26 41 77 103 83 46 73 47 54 88 98 91 80 106
 71 51 30 67 80 93 44 50 73 48 40 47 88 52 64 41 25 52 25 92 39 58 0 52 83 60 73 33 72 61 89 43 74 23 57 41 49 42 31 96
 23 79 45 81 108 77 29 50 108 48 56 65 84 80 30 51 35 68 62 73 38 98 52 0 75 86 110 75 75 26 99 85 83 65 75 22 32 33 45 85
 82 65 95 47 79 21 77 37 91 54 53 52 20 63 52 55 69 50 99 29 97 96 83 75 0 59 95 101 27 71 47 111 38 85 44 77 92 89 90 18
 101 19 80 28 25 74 77 42 34 55 36 30 56 10 78 45 59 29 71 78 88 42 60 86 59 0 39 63 41 86 43 71 34 54 18 79 92 86 78 68
 127 43 92 64 34 110 100 75 12 85 64 60 92 35 108 73 80 62 77 114 103 26 73 110 95 39 0 59 76 112 77 64 69 62 53 100 111 104 94 103
 93 54 44 77 75 112 67 68 61 69 56 59 103 53 87 59 48 64 23 112 54 41 33 75 101 63 59 0 87 85 99 11 86 28 67 64 70 64 53 114
 86 47 87 28 60 42 73 29 72 47 39 36 25 44 58 43 61 33 87 47 91 77 72 75 27 41 76 87 0 72 33 95 19 71 25 74 89 84 81 36
 37 80 59 80 109 74 37 49 111 47 57 65 81 82 28 52 42 68 73 70 55 103 61 26 71 86 112 85 72 0 94 92 79 69 71 32 45 44 53 79
 111 55 106 38 58 63 95 52 72 69 57 52 41 49 83 64 82 48 103 70 112 83 89 99 47 43 77 99 33 94 0 104 25 83 31 93 108 103 99 49
 103 62 53 86 82 122 77 78 67 79 66 69 112 61 97 69 58 74 32 122 63 46 43 85 111 71 64 11 95 92 104 0 94 38 75 73 79 72 62 123
 96 43 91 23 53 53 79 36 65 53 41 37 34 39 68 48 66 33 88 59 96 73 74 83 38 34 69 86 19 79 25 94 0 70 20 79 94 89 85 45
 83 44 42 64 71 96 55 52 63 53 40 44 88 45 73 43 35 50 30 96 52 47 23 65 85 54 62 28 71 69 83 38 70 0 52 52 61 54 43 96
 89 24 76 13 40 59 68 29 49 44 27 21 42 20 64 35 52 18 71 63 82 54 57 75 44 18 53 67 25 71 31 75 20 52 0 70 84 78 73 55
 40 71 35 77 101 82 21 49 99 45 50 59 85 73 40 46 25 63 51 79 31 88 41 22 77 79 100 64 74 32 93 73 79 52 70 0 25 22 33 88
 49 84 39 91 114 98 36 64 111 60 64 72 101 86 54 60 37 77 56 94 31 98 49 32 92 92 111 70 89 45 108 79 94 61 84 25 0 24 37 101
 51 77 33 85 107 95 32 59 104 55 58 66 96 79 53 54 31 71 50 91 28 91 42 33 89 86 104 64 84 44 103 72 89 54 78 22 24 0 31 98
 63 69 27 81 99 97 38 57 94 54 53 61 96 71 60 50 26 66 40 95 32 80 31 45 90 78 94 53 81 53 99 62 85 43 73 33 37 31 0 100
 91 75 107 56 86 25 88 49 99 66 65 64 25 72 61 67 81 61 111 34 109 106 96 85 18 68 103 114 36 79 49 123 45 96 55 88 101 98 100 0

 0 106 61 94 129 82 50 66 139 66 75 92 89 111 35 65 64 80 86 82 62 119 73 33 95 114 130 96 91 28 105 108 95 84 100 37 42 49 66 103
 106 0 71 37 46 80 76 46 57 58 36 40 63 28 77 40 65 29 70 88 88 47 56 92 81 35 49 60 55 74 52 70 45 48 38 71 80 78 75 90
 61 71 0 78 98 95 38 59 100 56 53 70 91 80 58 46 36 61 29 97 22 74 26 49 102 87 89 41 86 44 94 52 84 37 81 26 26 25 24 113
 94 37 78 0 49 55 73 32 68 49 33 36 36 41 63 35 66 19 81 64 92 63 64 86 55 36 62 75 28 66 27 86 17 60 19 69 79 78 79 63
 129 46 98 49 0 90 100 66 39 80 59 62 69 41 98 63 90 48 91 101 113 48 80 116 90 36 35 76 63 98 50 85 50 70 49 96 105 103 100 96
 82 80 95 55 90 0 78 43 113 59 60 70 25 85 47 56 81 54 107 24 103 107 89 81 28 81 107 109 41 59 51 121 46 91 64 73 85 87 94 31
 50 76 38 73 100 78 0 46 109 43 47 65 77 83 38 38 32 55 56 78 42 88 42 35 86 86 99 66 74 24 85 78 74 52 75 14 25 26 37 96
 66 46 59 32 66 43 46 0 84 24 22 35 37 55 37 17 45 21 69 49 71 73 51 59 49 54 77 70 33 39 45 82 34 52 39 45 56 56 59 60
 139 57 100 68 39 113 109 84 0 92 70 74 89 52 111 74 96 62 89 119 115 38 81 124 110 53 21 70 83 108 72 78 70 70 66 102 110 108 103 117
 66 58 56 49 80 59 43 24 92 0 27 44 53 64 37 18 40 32 66 61 65 77 47 55 64 65 85 69 49 35 60 81 49 51 52 39 50 50 54 75
 75 36 53 33 59 60 47 22 70 27 0 25 49 44 49 12 41 16 58 66 67 59 40 64 64 47 65 57 42 46 49 69 38 39 36 45 55 54 54 75
 92 40 70 36 62 70 65 35 74 44 25 0 53 45 62 26 55 16 70 74 81 63 53 79 69 47 67 66 45 60 50 78 40 49 36 60 69 68 68 80
 89 63 91 36 69 25 77 37 89 53 49 53 0 68 55 49 78 40 101 39 103 90 83 87 26 62 88 99 23 65 28 110 26 82 46 75 87 87 92 30
 111 28 80 41 41 85 83 55 52 64 44 45 68 0 82 45 71 32 75 91 94 45 61 97 83 30 45 63 56 80 50 73 45 53 38 77 86 84 81 91
 35 77 58 63 98 47 38 37 111 37 49 62 55 82 0 40 51 53 78 48 64 100 62 36 61 87 107 86 59 15 73 98 63 70 71 33 43 47 59 69
 65 40 46 35 63 56 38 17 74 18 12 26 49 45 40 0 34 20 55 61 60 62 37 55 62 52 70 56 42 37 52 68 41 38 40 37 47 46 47 73
 64 65 36 66 90 81 32 45 96 40 41 55 78 71 51 34 0 47 48 82 46 75 31 49 86 76 87 55 70 37 80 67 69 40 67 26 34 33 33 97
 80 29 61 19 48 54 55 21 62 32 16 16 40 32 53 20 47 0 65 62 76 56 48 72 57 36 59 61 32 53 36 73 26 45 23 54 64 63 63 67
 86 70 29 81 91 107 56 69 89 66 58 70 101 75 78 55 48 65 0 110 46 63 27 72 112 84 80 26 92 64 97 37 87 31 82 48 49 48 43 123
 82 88 97 64 101 24 78 49 119 61 66 74 39 91 48 61 82 62 110 0 102 112 90 79 38 87 113 111 48 57 60 123 54 93 70 72 83 85 94 42
 62 88 22 92 113 103 42 71 115 65 67 81 103 94 64 60 46 76 46 102 0 90 41 48 110 101 106 57 96 46 106 68 95 53 93 28 24 26 35 121
 119 47 74 63 48 107 88 73 38 77 59 63 90 45 100 62 75 56 63 112 90 0 59 107 108 54 28 43 81 93 76 50 71 47 64 84 90 88 82 117
 73 56 26 64 80 89 42 51 81 47 40 53 83 61 62 37 31 48 27 90 41 59 0 60 94 71 74 34 75 50 81 46 71 22 66 36 40 38 32 106
 33 92 49 86 116 81 35 59 124 55 64 79 87 97 36 55 49 72 72 79 48 107 60 0 91 102 116 81 83 20 96 93 85 69 89 22 28 34 51 100
 95 81 102 55 90 28 86 49 110 64 64 69 26 83 61 62 86 57 112 38 110 108 94 91 0 78 104 110 38 68 47 122 43 92 61 80 91 93 99 36
 114 35 87 36 36 81 86 54 53 65 47 47 62 30 87 52 76 36 84 87 101 54 71 102 78 0 47 71 51 82 42 81 38 60 34 81 90 89 86 85
 130 49 89 62 35 107 99 77 21 85 65 67 88 45 107 70 87 59 80 113 106 28 74 116 104 47 0 61 80 102 70 68 67 62 63 96 103 101 96 114
 96 60 41 75 76 109 66 70 70 69 57 66 99 63 86 56 55 61 26 111 57 43 34 81 110 71 61 0 91 75 92 15 84 28 77 60 62 61 55 125
 91 55 86 28 63 41 74 33 83 49 42 45 23 56 59 42 70 32 92 48 96 81 75 83 38 51 80 91 0 63 27 100 18 72 36 71 82 82 84 48
 28 74 44 66 98 59 24 39 108 35 46 60 65 80 15 37 37 53 64 57 46 93 50 20 68 82 102 75 63 0 78 87 68 60 72 19 28 32 46 81
 105 52 94 27 50 51 85 45 72 60 49 50 28 50 73 52 80 36 97 60 106 76 81 96 47 42 70 92 27 78 0 102 17 77 35 83 94 94 95 54
 108 70 52 86 85 121 78 82 78 81 69 78 110 73 98 68 67 73 37 123 68 50 46 93 122 81 68 15 100 87 102 0 93 39 86 70 72 70 65 135
 95 45 84 17 50 46 74 34 70 49 38 40 26 45 63 41 69 26 87 54 95 71 71 85 43 38 67 84 18 68 17 93 0 67 27 72 83 83 84 53
 84 48 37 60 70 91 52 52 70 51 39 49 82 53 70 38 40 45 31 93 53 47 22 69 92 60 62 28 72 60 77 39 67 0 61 47 52 50 44 106
 100 38 81 19 49 64 75 39 66 52 36 36 46 38 71 40 67 23 82 70 93 64 66 89 61 34 63 77 36 72 35 86 27 61 0 71 81 80 80 71
 37 71 26 69 96 73 14 45 102 39 45 60 75 77 33 37 26 54 48 72 28 84 36 22 80 81 96 60 71 19 83 70 72 47 71 0 12 14 30 94
 42 80 26 79 105 85 25 56 110 50 55 69 87 86 43 47 34 64 49 83 24 90 40 28 91 90 103 62 82 28 94 72 83 52 81 12 0 14 32 105
 49 78 25 78 103 87 26 56 108 50 54 68 87 84 47 46 33 63 48 85 26 88 38 34 93 89 101 61 82 32 94 70 83 50 80 14 14 0 29 105
 66 75 24 79 100 94 37 59 103 54 54 68 92 81 59 47 33 63 43 94 35 82 32 51 99 86 96 55 84 46 95 65 84 44 80 30 32 29 0 110
 103 90 113 63 96 31 96 60 117 75 75 80 30 91 69 73 97 67 123 42 121 117 106 100 36 85 114 125 48 81 54 135 53 106 71 94 105 105 110 0

 0 20 48 24 28 44 32 48 46 40 34 44 26 20 34 36 42 38 34 28 22 30 44 48 46 44 26 34 38 38 28 46 40 36 24 20 44 42 20 42
 12 0 36 12 16 32 20 36 34 28 22 32 14 8 22 24 30 26 22 16 10 18 32 36 34 32 14 22 26 26 16 34 28 24 12 8 32 30 8 30
 96 92 0 96 100 116 104 120 118 112 106 116 98 92 106 108 114 110 106 100 94 102 116 120 118 116 98 106 110 110 100 118 112 108 96 92 116 114 92 114
 24 20 48 0 28 44 32 48 46 40 34 44 26 20 34 36 42 38 34 28 22 30 44 48 46 44 26 34 38 38 28 46 40 36 24 20 44 42 20 42
 36 32 60 36 0 56 44 60 58 52 46 56 38 32 46 48 54 50 46 40 34 42 56 60 58 56 38 46 50 50 40 58 52 48 36 32 56 54 32 54
 84 80 108 84 88 0 92 108 106 100 94 104 86 80 94 96 102 98 94 88 82 90 104 108 106 104 86 94 98 98 88 106 100 96 84 80 104 102 80 102
 48 44 72 48 52 68 0 72 70 64 58 68 50 44 58 60 66 62 58 52 46 54 68 72 70 68 50 58 62 62 52 70 64 60 48 44 68 66 44 66
 96 92 120 96 100 116 104 0 118 112 106 116 98 92 106 108 114 110 106 100 94 102 116 120 118 116 98 106 110 110 100 118 112 108 96 92 116 114 92 114
 90 86 114 90 94 110 98 114 0 106 100 110 92 86 100 102 108 104 100 94 88 96 110 114 112 110 92 100 104 104 94 112 106 102 90 86 110 108 86 108
 72 68 96 72 76 92 80 96 94 0 82 92 74 68 82 84 90 86 82 76 70 78 92 96 94 92 74 82 86 86 76 94 88 84 72 68 92 90 68 90
 54 50 78 54 58 74 62 78 76 70 0 74 56 50 64 66 72 68 64 58 52 60 74 78 76 74 56 64 68 68 58 76 70 66 54 50 74 72 50 72
 84 80 108 84 88 104 92 108 106 100 94 0 86 80 94 96 102 98 94 88 82 90 104 108 106 104 86 94 98 98 88 106 100 96 84 80 104 102 80 102
 30 26 54 30 34 50 38 54 52 46 40 50 0 26 40 42 48 44 40 34 28 36 50 54 52 50 32 40 44 44 34 52 46 42 30 26 50 48 26 48
 12 8 36 12 16 32 20 36 34 28 22 32 14 0 22 24 30 26 22 16 10 18 32 36 34 32 14 22 26 26 16 34 28 24 12 8 32 30 8 30
 54 50 78 54 58 74 62 78 76 70 64 74 56 50 0 66 72 68 64 58 52 60 74 78 76 74 56 64 68 68 58 76 70 66 54 50 74 72 50 72
 60 56 84 60 64 80 68 84 82 76 70 80 62 56 70 0 78 74 70 64 58 66 80 84 82 80 62 70 74 74 64 82 76 72 60 56 80 78 56 78
 78 74 102 78 82 98 86 102 100 94 88 98 80 74 88 90 0 92 88 82 76 84 98 102 100 98 80 88 92 92 82 100 94 90 78 74 98 96 74 96
 66 62 90 66 70 86 74 90 88 82 76 86 68 62 76 78 84 0 76 70 64 72 86 90 88 86 68 76 80 80 70 88 82 78 66 62 86 84 62 84
 54 50 78 54 58 74 62 78 76 70 64 74 56 50 64 66 72 68 0 58 52 60 74 78 76 74 56 64 68 68 58 76 70 66 54 50 74 72 50 72
 36 32 60 36 40 56 44 60 58 52 46 56 38 32 46 48 54 50 46 0 34 42 56 60 58 56 38 46 50 50 40 58 52 48 36 32 56 54 32 54
 18 14 42 18 22 38 26 42 40 34 28 38 20 14 28 30 36 32 28 22 0 24 38 42 40 38 20 28 32 32 22 40 34 30 18 14 38 36 14 36
 42 38 66 42 46 62 50 66 64 58 52 62 44 38 52 54 60 56 52 46 40 0 62 66 64 62 44 52 56 56 46 64 58 54 42 38 62 60 38 60
 84 80 108 84 88 104 92 108 106 100 94 104 86 80 94 96 102 98 94 88 82 90 0 108 106 104 86 94 98 98 88 106 100 96 84 80 104 102 80 102
 96 92 120 96 100 116 104 120 118 112 106 116 98 92 106 108 114 110 106 100 94 102 116 0 118 116 98 106 110 110 100 118 112 108 96 92 116 114 92 114
 90 86 114 90 94 110 98 114 112 106 100 110 92 86 100 102 108 104 100 94 88 96 110 114 0 110 92 100 104 104 94 112 106 102 90 86 110 108 86 108
 84 80 108 84 88 104 92 108 106 100 94 104 86 80 94 96 102 98 94 88 82 90 104 108 106 0 86 94 98 98 88 106 100 96 84 80 104 102 80 102
 30 26 54 30 34 50 38 54 52 46 40 50 32 26 40 42 48 44 40 34 28 36 50 54 52 50 0 40 44 44 34 52 46 42 30 26 50 48 26 48
 54 50 78 54 58 74 62 78 76 70 64 74 56 50 64 66 72 68 64 58 52 60 74 78 76 74 56 0 68 68 58 76 70 66 54 50 74 72 50 72
 66 62 90 66 70 86 74 90 88 82 76 86 68 62 76 78 84 80 76 70 64 72 86 90 88 86 68 76 0 80 70 88 82 78 66 62 86 84 62 84
 66 62 90 66 70 86 74 90 88 82 76 86 68 62 76 78 84 80 76 70 64 72 86 90 88 86 68 76 80 0 70 88 82 78 66 62 86 84 62 84
 36 32 60 36 40 56 44 60 58 52 46 56 38 32 46 48 54 50 46 40 34 42 56 60 58 56 38 46 50 50 0 58 52 48 36 32 56 54 32 54
 90 86 114 90 94 110 98 114 112 106 100 110 92 86 100 102 108 104 100 94 88 96 110 114 112 110 92 100 104 104 94 0 106 102 90 86 110 108 86 108
 72 68 96 72 76 92 80 96 94 88 82 92 74 68 82 84 90 86 82 76 70 78 92 96 94 92 74 82 86 86 76 94 0 84 72 68 92 90 68 90
 60 56 84 60 64 80 68 84 82 76 70 80 62 56 70 72 78 74 70 64 58 66 80 84 82 80 62 70 74 74 64 82 76 0 60 56 80 78 56 78
 24 20 48 24 28 44 32 48 46 40 34 44 26 20 34 36 42 38 34 28 22 30 44 48 46 44 26 34 38 38 28 46 40 36 0 20 44 42 20 42
 12 8 36 12 16 32 20 36 34 28 22 32 14 8 22 24 30 26 22 16 10 18 32 36 34 32 14 22 26 26 16 34 28 24 12 0 32 30 8 30
 84 80 108 84 88 104 92 108 106 100 94 104 86 80 94 96 102 98 94 88 82 90 104 108 106 104 86 94 98 98 88 106 100 96 84 80 0 102 80 102
 78 74 102 78 82 98 86 102 100 94 88 98 80 74 88 90 96 92 88 82 76 84 98 102 100 98 80 88 92 92 82 100 94 90 78 74 98 0 74 96
 12 8 36 12 16 32 20 36 34 28 22 32 14 8 22 24 30 26 22 16 10 18 32 36 34 32 14 22 26 26 16 34 28 24 12 8 32 30 0 30
 78 74 102 78 82 98 86 102 100 94 88 98 80 74 88 90 96 92 88 82 76 84 98 102 100 98 80 88 92 92 82 100 94 90 78 74 98 96 74 0

 0 66 78 50 54 76 60 56 64 70 56 66 60 70 52 70 52 64 64 78 70 72 74 74 50 64 66 64 56 66 56 60 66 66 66 76 54 74 52 76
 70 0 84 56 60 82 66 62 70 76 62 72 66 76 58 76 58 70 70 84 76 78 80 80 56 70 72 70 62 72 62 66 72 72 72 82 60 80 58 82
 106 108 0 92 96 118 102 98 106 112 98 108 102 112 94 112 94 106 106 120 112 114 116 116 92 106 108 106 98 108 98 102 108 108 108 118 96 116 94 118
 22 24 36 0 12 34 18 14 22 28 14 24 18 28 10 28 10 22 22 36 28 30 32 32 8 22 24 22 14 24 14 18 24 24 24 34 12 32 10 34
 34 36 48 20 0 46 30 26 34 40 26 36 30 40 22 40 22 34 34 48 40 42 44 44 20 34 36 34 26 36 26 30 36 36 36 46 24 44 22 46
 100 102 114 86 90 0 96 92 100 106 92 102 96 106 88 106 88 100 100 114 106 108 110 110 86 100 102 100 92 102 92 96 102 102 102 112 90 110 88 112
 52 54 66 38 42 64 0 44 52 58 44 54 48 58 40 58 40 52 52 66 58 60 62 62 38 52 54 52 44 54 44 48 54 54 54 64 42 62 40 64
 40 42 54 26 30 52 36 0 40 46 32 42 36 46 28 46 28 40 40 54 46 48 50 50 26 40 42 40 32 42 32 36 42 42 42 52 30 50 28 52
 64 66 78 50 54 76 60 56 0 70 56 66 60 70 52 70 52 64 64 78 70 72 74 74 50 64 66 64 56 66 56 60 66 66 66 76 54 74 52 76
 82 84 96 68 72 94 78 74 82 0 74 84 78 88 70 88 70 82 82 96 88 90 92 92 68 82 84 82 74 84 74 78 84 84 84 94 72 92 70 94
 40 42 54 26 30 52 36 32 40 46 0 42 36 46 28 46 28 40 40 54 46 48 50 50 26 40 42 40 32 42 32 36 42 42 42 52 30 50 28 52
 70 72 84 56 60 82 66 62 70 76 62 0 66 76 58 76 58 70 70 84 76 78 80 80 56 70 72 70 62 72 62 66 72 72 72 82 60 80 58 82
 52 54 66 38 42 64 48 44 52 58 44 54 0 58 40 58 40 52 52 66 58 60 62 62 38 52 54 52 44 54 44 48 54 54 54 64 42 62 40 64
 82 84 96 68 72 94 78 74 82 88 74 84 78 0 70 88 70 82 82 96 88 90 92 92 68 82 84 82 74 84 74 78 84 84 84 94 72 92 70 94
 28 30 42 14 18 40 24 20 28 34 20 30 24 34 0 34 16 28 28 42 34 36 38 38 14 28 30 28 20 30 20 24 30 30 30 40 18 38 16 40
 82 84 96 68 72 94 78 74 82 88 74 84 78 88 70 0 70 82 82 96 88 90 92 92 68 82 84 82 74 84 74 78 84 84 84 94 72 92 70 94
 28 30 42 14 18 40 24 20 28 34 20 30 24 34 16 34 0 28 28 42 34 36 38 38 14 28 30 28 20 30 20 24 30 30 30 40 18 38 16 40
 64 66 78 50 54 76 60 56 64 70 56 66 60 70 52 70 52 0 64 78 70 72 74 74 50 64 66 64 56 66 56 60 66 66 66 76 54 74 52 76
 64 66 78 50 54 76 60 56 64 70 56 66 60 70 52 70 52 64 0 78 70 72 74 74 50 64 66 64 56 66 56 60 66 66 66 76 54 74 52 76
 106 108 120 92 96 118 102 98 106 112 98 108 102 112 94 112 94 106 106 0 112 114 116 116 92 106 108 106 98 108 98 102 108 108 108 118 96 116 94 118
 82 84 96 68 72 94 78 74 82 88 74 84 78 88 70 88 70 82 82 96 0 90 92 92 68 82 84 82 74 84 74 78 84 84 84 94 72 92 70 94
 88 90 102 74 78 100 84 80 88 94 80 90 84 94 76 94 76 88 88 102 94 0 98 98 74 88 90 88 80 90 80 84 90 90 90 100 78 98 76 100
 94 96 108 80 84 106 90 86 94 100 86 96 90 100 82 100 82 94 94 108 100 102 0 104 80 94 96 94 86 96 86 90 96 96 96 106 84 104 82 106
 94 96 108 80 84 106 90 86 94 100 86 96 90 100 82 100 82 94 94 108 100 102 104 0 80 94 96 94 86 96 86 90 96 96 96 106 84 104 82 106
 22 24 36 8 12 34 18 14 22 28 14 24 18 28 10 28 10 22 22 36 28 30 32 32 0 22 24 22 14 24 14 18 24 24 24 34 12 32 10 34
 64 66 78 50 54 76 60 56 64 70 56 66 60 70 52 70 52 64 64 78 70 72 74 74 50 0 66 64 56 66 56 60 66 66 66 76 54 74 52 76
 70 72 84 56 60 82 66 62 70 76 62 72 66 76 58 76 58 70 70 84 76 78 80 80 56 70 0 70 62 72 62 66 72 72 72 82 60 80 58 82
 64 66 78 50 54 76 60 56 64 70 56 66 60 70 52 70 52 64 64 78 70 72 74 74 50 64 66 0 56 66 56 60 66 66 66 76 54 74 52 76
 40 42 54 26 30 52 36 32 40 46 32 42 36 46 28 46 28 40 40 54 46 48 50 50 26 40 42 40 0 42 32 36 42 42 42 52 30 50 28 52
 70 72 84 56 60 82 66 62 70 76 62 72 66 76 58 76 58 70 70 84 76 78 80 80 56 70 72 70 62 0 62 66 72 72 72 82 60 80 58 82
 40 42 54 26 30 52 36 32 40 46 32 42 36 46 28 46 28 40 40 54 46 48 50 50 26 40 42 40 32 42 0 36 42 42 42 52 30 50 28 52
 52 54 66 38 42 64 48 44 52 58 44 54 48 58 40 58 40 52 52 66 58 60 62 62 38 52 54 52 44 54 44 0 54 54 54 64 42 62 40 64
 70 72 84 56 60 82 66 62 70 76 62 72 66 76 58 76 58 70 70 84 76 78 80 80 56 70 72 70 62 72 62 66 0 72 72 82 60 80 58 82
 70 72 84 56 60 82 66 62 70 76 62 72 66 76 58 76 58 70 70 84 76 78 80 80 56 70 72 70 62 72 62 66 72 0 72 82 60 80 58 82
 70 72 84 56 60 82 66 62 70 76 62 72 66 76 58 76 58 70 70 84 76 78 80 80 56 70 72 70 62 72 62 66 72 72 0 82 60 80 58 82
 100 102 114 86 90 112 96 92 100 106 92 102 96 106 88 106 88 100 100 114 106 108 110 110 86 100 102 100 92 102 92 96 102 102 102 0 90 110 88 112
 34 36 48 20 24 46 30 26 34 40 26 36 30 40 22 40 22 34 34 48 40 42 44 44 20 34 36 34 26 36 26 30 36 36 36 46 0 44 22 46
 94 96 108 80 84 106 90 86 94 100 86 96 90 100 82 100 82 94 94 108 100 102 104 104 80 94 96 94 86 96 86 90 96 96 96 106 84 0 82 106
 28 30 42 14 18 40 24 20 28 34 20 30 24 34 16 34 16 28 28 42 34 36 38 38 14 28 30 28 20 30 20 24 30 30 30 40 18 38 0 40
 100 102 114 86 90 112 96 92 100 106 92 102 96 106 88 106 88 100 100 114 106 108 110 110 86 100 102 100 92 102 92 96 102 102 102 112 90 110 88 0

 0 24 22 26 30 38 42 38 38 22 30 28 42 42 20 32 36 44 44 26 34 36 20 20 38 42 26 34 34 20 44 22 28 30 34 46 28 30 22 36
 24 0 22 26 30 38 42 38 38 22 30 28 42 42 20 32 36 44 44 26 34 36 20 20 38 42 26 34 34 20 44 22 28 30 34 46 28 30 22 36
 18 18 0 20 24 32 36 32 32 16 24 22 36 36 14 26 30 38 38 20 28 30 14 14 32 36 20 28 28 14 38 16 22 24 28 40 22 24 16 30
 30 30 28 0 36 44 48 44 44 28 36 34 48 48 26 38 42 50 50 32 40 42 26 26 44 48 32 40 40 26 50 28 34 36 40 52 34 36 28 42
 42 42 40 44 0 56 60 56 56 40 48 46 60 60 38 50 54 62 62 44 52 54 38 38 56 60 44 52 52 38 62 40 46 48 52 64 46 48 40 54
 66 66 64 68 72 0 84 80 80 64 72 70 84 84 62 74 78 86 86 68 76 78 62 62 80 84 68 76 76 62 86 64 70 72 76 88 70 72 64 78
 78 78 76 80 84 92 0 92 92 76 84 82 96 96 74 86 90 98 98 80 88 90 74 74 92 96 80 88 88 74 98 76 82 84 88 100 82 84 76 90
 66 66 64 68 72 80 84 0 80 64 72 70 84 84 62 74 78 86 86 68 76 78 62 62 80 84 68 76 76 62 86 64 70 72 76 88 70 72 64 78
 66 66 64 68 72 80 84 80 0 64 72 70 84 84 62 74 78 86 86 68 76 78 62 62 80 84 68 76 76 62 86 64 70 72 76 88 70 72 64 78
 18 18 16 20 24 32 36 32 32 0 24 22 36 36 14 26 30 38 38 20 28 30 14 14 32 36 20 28 28 14 38 16 22 24 28 40 22 24 16 30
 42 42 40 44 48 56 60 56 56 40 0 46 60 60 38 50 54 62 62 44 52 54 38 38 56 60 44 52 52 38 62 40 46 48 52 64 46 48 40 54
 36 36 34 38 42 50 54 50 50 34 42 0 54 54 32 44 48 56 56 38 46 48 32 32 50 54 38 46 46 32 56 34 40 42 46 58 40 42 34 48
 78 78 76 80 84 92 96 92 92 76 84 82 0 96 74 86 90 98 98 80 88 90 74 74 92 96 80 88 88 74 98 76 82 84 88 100 82 84 76 90
 78 78 76 80 84 92 96 92 92 76 84 82 96 0 74 86 90 98 98 80 88 90 74 74 92 96 80 88 88 74 98 76 82 84 88 100 82 84 76 90
 12 12 10 14 18 26 30 26 26 10 18 16 30 30 0 20 24 32 32 14 22 24 8 8 26 30 14 22 22 8 32 10 16 18 22 34 16 18 10 24
 48 48 46 50 54 62 66 62 62 46 54 52 66 66 44 0 60 68 68 50 58 60 44 44 62 66 50 58 58 44 68 46 52 54 58 70 52 54 46 60
 60 60 58 62 66 74 78 74 74 58 66 64 78 78 56 68 0 80 80 62 70 72 56 56 74 78 62 70 70 56 80 58 64 66 70 82 64 66 58 72
 84 84 82 86 90 98 102 98 98 82 90 88 102 102 80 92 96 0 104 86 94 96 80 80 98 102 86 94 94 80 104 82 88 90 94 106 88 90 82 96
 84 84 82 86 90 98 102 98 98 82 90 88 102 102 80 92 96 104 0 86 94 96 80 80 98 102 86 94 94 80 104 82 88 90 94 106 88 90 82 96
 30 30 28 32 36 44 48 44 44 28 36 34 48 48 26 38 42 50 50 0 40 42 26 26 44 48 32 40 40 26 50 28 34 36 40 52 34 36 28 42
 54 54 52 56 60 68 72 68 68 52 60 58 72 72 50 62 66 74 74 56 0 66 50 50 68 72 56 64 64 50 74 52 58 60 64 76 58 60 52 66
 60 60 58 62 66 74 78 74 74 58 66 64 78 78 56 68 72 80 80 62 70 0 56 56 74 78 62 70 70 56 80 58 64 66 70 82 64 66 58 72
 12 12 10 14 18 26 30 26 26 10 18 16 30 30 8 20 24 32 32 14 22 24 0 8 26 30 14 22 22 8 32 10 16 18 22 34 16 18 10 24
 12 12 10 14 18 26 30 26 26 10 18 16 30 30 8 20 24 32 32 14 22 24 8 0 26 30 14 22 22 8 32 10 16 18 22 34 16 18 10 24
 66 66 64 68 72 80 84 80 80 64 72 70 84 84 62 74 78 86 86 68 76 78 62 62 0 84 68 76 76 62 86 64 70 72 76 88 70 72 64 78
 78 78 76 80 84 92 96 92 92 76 84 82 96 96 74 86 90 98 98 80 88 90 74 74 92 0 80 88 88 74 98 76 82 84 88 100 82 84 76 90
 30 30 28 32 36 44 48 44 44 28 36 34 48 48 26 38 42 50 50 32 40 42 26 26 44 48 0 40 40 26 50 28 34 36 40 52 34 36 28 42
 54 54 52 56 60 68 72 68 68 52 60 58 72 72 50 62 66 74 74 56 64 66 50 50 68 72 56 0 64 50 74 52 58 60 64 76 58 60 52 66
 54 54 52 56 60 68 72 68 68 52 60 58 72 72 50 62 66 74 74 56 64 66 50 50 68 72 56 64 0 50 74 52 58 60 64 76 58 60 52 66
 12 12 10 14 18 26 30 26 26 10 18 16 30 30 8 20 24 32 32 14 22 24 8 8 26 30 14 22 22 0 32 10 16 18 22 34 16 18 10 24
 84 84 82 86 90 98 102 98 98 82 90 88 102 102 80 92 96 104 104 86 94 96 80 80 98 102 86 94 94 80 0 82 88 90 94 106 88 90 82 96
 18 18 16 20 24 32 36 32 32 16 24 22 36 36 14 26 30 38 38 20 28 30 14 14 32 36 20 28 28 14 38 0 22 24 28 40 22 24 16 30
 36 36 34 38 42 50 54 50 50 34 42 40 54 54 32 44 48 56 56 38 46 48 32 32 50 54 38 46 46 32 56 34 0 42 46 58 40 42 34 48
 42 42 40 44 48 56 60 56 56 40 48 46 60 60 38 50 54 62 62 44 52 54 38 38 56 60 44 52 52 38 62 40 46 0 52 64 46 48 40 54
 54 54 52 56 60 68 72 68 68 52 60 58 72 72 50 62 66 74 74 56 64 66 50 50 68 72 56 64 64 50 74 52 58 60 0 76 58 60 52 66
 90 90 88 92 96 104 108 104 104 88 96 94 108 108 86 98 102 110 110 92 100 102 86 86 104 108 92 100 100 86 110 88 94 96 100 0 94 96 88 102
 36 36 34 38 42 50 54 50 50 34 42 40 54 54 32 44 48 56 56 38 46 48 32 32 50 54 38 46 46 32 56 34 40 42 46 58 0 42 34 48
 42 42 40 44 48 56 60 56 56 40 48 46 60 60 38 50 54 62 62 44 52 54 38 38 56 60 44 52 52 38 62 40 46 48 52 64 46 0 40 54
 18 18 16 20 24 32 36 32 32 16 24 22 36 36 14 26 30 38 38 20 28 30 14 14 32 36 20 28 28 14 38 16 22 24 28 40 22 24 0 30
 60 60 58 62 66 74 78 74 74 58 66 64 78 78 56 68 72 80 80 62 70 72 56 56 74 78 62 70 70 56 80 58 64 66 70 82 64 66 58 0

 0 88 76 86 98 74 94 74 92 84 80 100 100 76 96 86 84 76 98 76 98 94 102 74 74 78 86 80 94 96 86 82 102 88 102 88 86 100 96 102
 72 0 52 62 74 50 70 50 68 60 56 76 76 52 72 62 60 52 74 52 74 70 78 50 50 54 62 56 70 72 62 58 78 64 78 64 62 76 72 78
 36 28 0 26 38 14 34 14 32 24 20 40 40 16 36 26 24 16 38 16 38 34 42 14 14 18 26 20 34 36 26 22 42 28 42 28 26 40 36 42
 66 58 46 0 68 44 64 44 62 54 50 70 70 46 66 56 54 46 68 46 68 64 72 44 44 48 56 50 64 66 56 52 72 58 72 58 56 70 66 72
 102 94 82 92 0 80 100 80 98 90 86 106 106 82 102 92 90 82 104 82 104 100 108 80 80 84 92 86 100 102 92 88 108 94 108 94 92 106 102 108
 30 22 10 20 32 0 28 8 26 18 14 34 34 10 30 20 18 10 32 10 32 28 36 8 8 12 20 14 28 30 20 16 36 22 36 22 20 34 30 36
 90 82 70 80 92 68 0 68 86 78 74 94 94 70 90 80 78 70 92 70 92 88 96 68 68 72 80 74 88 90 80 76 96 82 96 82 80 94 90 96
 30 22 10 20 32 8 28 0 26 18 14 34 34 10 30 20 18 10 32 10 32 28 36 8 8 12 20 14 28 30 20 16 36 22 36 22 20 34 30 36
 84 76 64 74 86 62 82 62 0 72 68 88 88 64 84 74 72 64 86 64 86 82 90 62 62 66 74 68 82 84 74 70 90 76 90 76 74 88 84 90
 60 52 40 50 62 38 58 38 56 0 44 64 64 40 60 50 48 40 62 40 62 58 66 38 38 42 50 44 58 60 50 46 66 52 66 52 50 64 60 66
 48 40 28 38 50 26 46 26 44 36 0 52 52 28 48 38 36 28 50 28 50 46 54 26 26 30 38 32 46 48 38 34 54 40 54 40 38 52 48 54
 108 100 88 98 110 86 106 86 104 96 92 0 112 88 108 98 96 88 110 88 110 106 114 86 86 90 98 92 106 108 98 94 114 100 114 100 98 112 108 114
 108 100 88 98 110 86 106 86 104 96 92 112 0 88 108 98 96 88 110 88 110 106 114 86 86 90 98 92 106 108 98 94 114 100 114 100 98 112 108 114
 36 28 16 26 38 14 34 14 32 24 20 40 40 0 36 26 24 16 38 16 38 34 42 14 14 18 26 20 34 36 26 22 42 28 42 28 26 40 36 42
 96 88 76 86 98 74 94 74 92 84 80 100 100 76 0 86 84 76 98 76 98 94 102 74 74 78 86 80 94 96 86 82 102 88 102 88 86 100 96 102
 66 58 46 56 68 44 64 44 62 54 50 70 70 46 66 0 54 46 68 46 68 64 72 44 44 48 56 50 64 66 56 52 72 58 72 58 56 70 66 72
 60 52 40 50 62 38 58 38 56 48 44 64 64 40 60 50 0 40 62 40 62 58 66 38 38 42 50 44 58 60 50 46 66 52 66 52 50 64 60 66
 36 28 16 26 38 14 34 14 32 24 20 40 40 16 36 26 24 0 38 16 38 34 42 14 14 18 26 20 34 36 26 22 42 28 42 28 26 40 36 42
 102 94 82 92 104 80 100 80 98 90 86 106 106 82 102 92 90 82 0 82 104 100 108 80 80 84 92 86 100 102 92 88 108 94 108 94 92 106 102 108
 36 28 16 26 38 14 34 14 32 24 20 40 40 16 36 26 24 16 38 0 38 34 42 14 14 18 26 20 34 36 26 22 42 28 42 28 26 40 36 42
 102 94 82 92 104 80 100 80 98 90 86 106 106 82 102 92 90 82 104 82 0 100 108 80 80 84 92 86 100 102 92 88 108 94 108 94 92 106 102 108
 90 82 70 80 92 68 88 68 86 78 74 94 94 70 90 80 78 70 92 70 92 0 96 68 68 72 80 74 88 90 80 76 96 82 96 82 80 94 90 96
 114 106 94 104 116 92 112 92 110 102 98 118 118 94 114 104 102 94 116 94 116 112 0 92 92 96 104 98 112 114 104 100 120 106 120 106 104 118 114 120
 30 22 10 20 32 8 28 8 26 18 14 34 34 10 30 20 18 10 32 10 32 28 36 0 8 12 20 14 28 30 20 16 36 22 36 22 20 34 30 36
 30 22 10 20 32 8 28 8 26 18 14 34 34 10 30 20 18 10 32 10 32 28 36 8 0 12 20 14 28 30 20 16 36 22 36 22 20 34 30 36
 42 34 22 32 44 20 40 20 38 30 26 46 46 22 42 32 30 22 44 22 44 40 48 20 20 0 32 26 40 42 32 28 48 34 48 34 32 46 42 48
 66 58 46 56 68 44 64 44 62 54 50 70 70 46 66 56 54 46 68 46 68 64 72 44 44 48 0 50 64 66 56 52 72 58 72 58 56 70 66 72
 48 40 28 38 50 26 46 26 44 36 32 52 52 28 48 38 36 28 50 28 50 46 54 26 26 30 38 0 46 48 38 34 54 40 54 40 38 52 48 54
 90 82 70 80 92 68 88 68 86 78 74 94 94 70 90 80 78 70 92 70 92 88 96 68 68 72 80 74 0 90 80 76 96 82 96 82 80 94 90 96
 96 88 76 86 98 74 94 74 92 84 80 100 100 76 96 86 84 76 98 76 98 94 102 74 74 78 86 80 94 0 86 82 102 88 102 88 86 100 96 102
 66 58 46 56 68 44 64 44 62 54 50 70 70 46 66 56 54 46 68 46 68 64 72 44 44 48 56 50 64 66 0 52 72 58 72 58 56 70 66 72
 54 46 34 44 56 32 52 32 50 42 38 58 58 34 54 44 42 34 56 34 56 52 60 32 32 36 44 38 52 54 44 0 60 46 60 46 44 58 54 60
 114 106 94 104 116 92 112 92 110 102 98 118 118 94 114 104 102 94 116 94 116 112 120 92 92 96 104 98 112 114 104 100 0 106 120 106 104 118 114 120
 72 64 52 62 74 50 70 50 68 60 56 76 76 52 72 62 60 52 74 52 74 70 78 50 50 54 62 56 70 72 62 58 78 0 78 64 62 76 72 78
 114 106 94 104 116 92 112 92 110 102 98 118 118 94 114 104 102 94 116 94 116 112 120 92 92 96 104 98 112 114 104 100 120 106 0 106 104 118 114 120
 72 64 52 62 74 50 70 50 68 60 56 76 76 52 72 62 60 52 74 52 74 70 78 50 50 54 62 56 70 72 62 58 78 64 78 0 62 76 72 78
 66 58 46 56 68 44 64 44 62 54 50 70 70 46 66 56 54 46 68 46 68 64 72 44 44 48 56 50 64 66 56 52 72 58 72 58 0 70 66 72
 108 100 88 98 110 86 106 86 104 96 92 112 112 88 108 98 96 88 110 88 110 106 114 86 86 90 98 92 106 108 98 94 114 100 114 100 98 0 108 114
 96 88 76 86 98 74 94 74 92 84 80 100 100 76 96 86 84 76 98 76 98 94 102 74 74 78 86 80 94 96 86 82 102 88 102 88 86 100 0 102
 114 106 94 104 116 92 112 92 110 102 98 118 118 94 114 104 102 94 116 94 116 112 120 92 92 96 104 98 112 114 104 100 120 106 120 106 104 118 114 0

 0 10 28 22 30 28 22 20 24 32 36 16 20 30 16 20 20 36 8 14 32 28 12 10 36 16 36 12 30 30 18 28 26 10 34 24 24 10 20 12
 14 0 34 28 36 34 28 26 30 38 42 22 26 36 22 26 26 42 14 20 38 34 18 16 42 22 42 18 36 36 24 34 32 16 40 30 30 16 26 18
 68 70 0 82 90 88 82 80 84 92 96 76 80 90 76 80 80 96 68 74 92 88 72 70 96 76 96 72 90 90 78 88 86 70 94 84 84 70 80 72
 50 52 70 0 72 70 64 62 66 74 78 58 62 72 58 62 62 78 50 56 74 70 54 52 78 58 78 54 72 72 60 70 68 52 76 66 66 52 62 54
 74 76 94 88 0 94 88 86 90 98 102 82 86 96 82 86 86 102 74 80 98 94 78 76 102 82 102 78 96 96 84 94 92 76 100 90 90 76 86 78
 68 70 88 82 90 0 82 80 84 92 96 76 80 90 76 80 80 96 68 74 92 88 72 70 96 76 96 72 90 90 78 88 86 70 94 84 84 70 80 72
 50 52 70 64 72 70 0 62 66 74 78 58 62 72 58 62 62 78 50 56 74 70 54 52 78 58 78 54 72 72 60 70 68 52 76 66 66 52 62 54
 44 46 64 58 66 64 58 0 60 68 72 52 56 66 52 56 56 72 44 50 68 64 48 46 72 52 72 48 66 66 54 64 62 46 70 60 60 46 56 48
 56 58 76 70 78 76 70 68 0 80 84 64 68 78 64 68 68 84 56 62 80 76 60 58 84 64 84 60 78 78 66 76 74 58 82 72 72 58 68 60
 80 82 100 94 102 100 94 92 96 0 108 88 92 102 88 92 92 108 80 86 104 100 84 82 108 88 108 84 102 102 90 100 98 82 106 96 96 82 92 84
 92 94 112 106 114 112 106 104 108 116 0 100 104 114 100 104 104 120 92 98 116 112 96 94 120 100 120 96 114 114 102 112 110 94 118 108 108 94 104 96
 32 34 52 46 54 52 46 44 48 56 60 0 44 54 40 44 44 60 32 38 56 52 36 34 60 40 60 36 54 54 42 52 50 34 58 48 48 34 44 36
 44 46 64 58 66 64 58 56 60 68 72 52 0 66 52 56 56 72 44 50 68 64 48 46 72 52 72 48 66 66 54 64 62 46 70 60 60 46 56 48
 74 76 94 88 96 94 88 86 90 98 102 82 86 0 82 86 86 102 74 80 98 94 78 76 102 82 102 78 96 96 84 94 92 76 100 90 90 76 86 78
 32 34 52 46 54 52 46 44 48 56 60 40 44 54 0 44 44 60 32 38 56 52 36 34 60 40 60 36 54 54 42 52 50 34 58 48 48 34 44 36
 44 46 64 58 66 64 58 56 60 68 72 52 56 66 52 0 56 72 44 50 68 64 48 46 72 52 72 48 66 66 54 64 62 46 70 60 60 46 56 48
 44 46 64 58 66 64 58 56 60 68 72 52 56 66 52 56 0 72 44 50 68 64 48 46 72 52 72 48 66 66 54 64 62 46 70 60 60 46 56 48
 92 94 112 106 114 112 106 104 108 116 120 100 104 114 100 104 104 0 92 98 116 112 96 94 120 100 120 96 114 114 102 112 110 94 118 108 108 94 104 96
 8 10 28 22 30 28 22 20 24 32 36 16 20 30 16 20 20 36 0 14 32 28 12 10 36 16 36 12 30 30 18 28 26 10 34 24 24 10 20 12
 26 28 46 40 48 46 40 38 42 50 54 34 38 48 34 38 38 54 26 0 50 46 30 28 54 34 54 30 48 48 36 46 44 28 52 42 42 28 38 30
 80 82 100 94 102 100 94 92 96 104 108 88 92 102 88 92 92 108 80 86 0 100 84 82 108 88 108 84 102 102 90 100 98 82 106 96 96 82 92 84
 68 70 88 82 90 88 82 80 84 92 96 76 80 90 76 80 80 96 68 74 92 0 72 70 96 76 96 72 90 90 78 88 86 70 94 84 84 70 80 72
 20 22 40 34 42 40 34 32 36 44 48 28 32 42 28 32 32 48 20 26 44 40 0 22 48 28 48 24 42 42 30 40 38 22 46 36 36 22 32 24
 14 16 34 28 36 34 28 26 30 38 42 22 26 36 22 26 26 42 14 20 38 34 18 0 42 22 42 18 36 36 24 34 32 16 40 30 30 16 26 18
 92 94 112 106 114 112 106 104 108 116 120 100 104 114 100 104 104 120 92 98 116 112 96 94 0 100 120 96 114 114 102 112 110 94 118 108 108 94 104 96
 32 34 52 46 54 52 46 44 48 56 60 40 44 54 40 44 44 60 32 38 56 52 36 34 60 0 60 36 54 54 42 52 50 34 58 48 48 34 44 36
 92 94 112 106 114 112 106 104 108 116 120 100 104 114 100 104 104 120 92 98 116 112 96 94 120 100 0 96 114 114 102 112 110 94 118 108 108 94 104 96
 20 22 40 34 42 40 34 32 36 44 48 28 32 42 28 32 32 48 20 26 44 40 24 22 48 28 48 0 42 42 30 40 38 22 46 36 36 22 32 24
 74 76 94 88 96 94 88 86 90 98 102 82 86 96 82 86 86 102 74 80 98 94 78 76 102 82 102 78 0 96 84 94 92 76 100 90 90 76 86 78
 74 76 94 88 96 94 88 86 90 98 102 82 86 96 82 86 86 102 74 80 98 94 78 76 102 82 102 78 96 0 84 94 92 76 100 90 90 76 86 78
 38 40 58 52 60 58 52 50 54 62 66 46 50 60 46 50 50 66 38 44 62 58 42 40 66 46 66 42 60 60 0 58 56 40 64 54 54 40 50 42
 68 70 88 82 90 88 82 80 84 92 96 76 80 90 76 80 80 96 68 74 92 88 72 70 96 76 96 72 90 90 78 0 86 70 94 84 84 70 80 72
 62 64 82 76 84 82 76 74 78 86 90 70 74 84 70 74 74 90 62 68 86 82 66 64 90 70 90 66 84 84 72 82 0 64 88 78 78 64 74 66
 14 16 34 28 36 34 28 26 30 38 42 22 26 36 22 26 26 42 14 20 38 34 18 16 42 22 42 18 36 36 24 34 32 0 40 30 30 16 26 18
 86 88 106 100 108 106 100 98 102 110 114 94 98 108 94 98 98 114 86 92 110 106 90 88 114 94 114 90 108 108 96 106 104 88 0 102 102 88 98 90
 56 58 76 70 78 76 70 68 72 80 84 64 68 78 64 68 68 84 56 62 80 76 60 58 84 64 84 60 78 78 66 76 74 58 82 0 72 58 68 60
 56 58 76 70 78 76 70 68 72 80 84 64 68 78 64 68 68 84 56 62 80 76 60 58 84 64 84 60 78 78 66 76 74 58 82 72 0 58 68 60
 14 16 34 28 36 34 28 26 30 38 42 22 26 36 22 26 26 42 14 20 38 34 18 16 42 22 42 18 36 36 24 34 32 16 40 30 30 0 26 18
 44 46 64 58 66 64 58 56 60 68 72 52 56 66 52 56 56 72 44 50 68 64 48 46 72 52 72 48 66 66 54 64 62 46 70 60 60 46 0 48
 20 22 40 34 42 40 34 32 36 44 48 28 32 42 28 32 32 48 20 26 44 40 24 22 48 28 48 24 42 42 30 40 38 22 46 36 36 22 32 0