50 5

 0 11 20 27 6 29 32 44 31 41 28 35 15 115 44 12 4 8 26 38 8 44 25 13 39 24 29 15 35 25 41 8 30 14 37 3 29 25 3 4 8 38 31 8 34 38 29 10 8 26
 11 0 21 28 7 30 33 45 32 42 29 36 16 115 45 14 4 9 27 39 9 45 25 14 40 26 31 16 36 25 43 9 32 15 38 4 30 25 4 4 9 39 31 10 35 39 30 11 9 27
 20 21 0 33 11 33 38 49 34 46 32 40 21 119 48 17 8 13 32 42 13 49 28 17 44 29 34 19 41 30 45 13 36 18 42 9 33 28 9 8 12 44 35 13 39 42 33 15 12 30
 27 28 33 0 15 38 38 50 40 50 35 43 22 122 50 19 10 16 33 45 15 50 34 19 46 31 38 23 41 31 50 17 39 20 43 12 35 33 11 10 14 47 40 16 41 45 35 18 17 35
 6 7 11 15 0 28 31 43 30 40 27 34 15 114 43 12 3 7 25 37 7 44 24 12 39 24 28 15 35 24 41 7 30 13 36 3 28 24 3 3 7 38 30 8 33 37 28 9 8 26
 29 30 33 38 28 0 39 51 37 51 38 43 25 125 51 20 14 17 33 48 17 53 33 22 49 33 36 26 45 35 50 18 37 21 47 12 38 31 11 13 18 46 39 18 41 48 36 17 16 36
 32 33 38 38 31 39 0 54 38 51 38 44 23 125 54 24 14 17 34 47 19 54 34 24 51 32 39 26 43 34 49 18 42 25 48 15 39 33 11 11 17 48 38 17 45 46 38 18 18 36
 44 45 49 50 43 51 54 0 46 53 45 47 31 132 60 25 15 24 40 54 21 58 36 28 51 42 46 28 47 42 58 22 45 31 52 16 46 37 21 19 24 52 48 24 48 50 42 22 22 40
 31 32 34 40 30 37 38 46 0 52 36 43 23 123 53 21 12 18 34 46 17 54 33 21 48 32 38 26 42 32 48 16 38 24 44 13 37 32 13 11 19 45 40 15 42 45 39 20 18 35
 41 42 46 50 40 51 51 53 52 0 42 47 29 125 56 24 17 20 40 54 19 56 38 27 50 35 41 31 51 36 54 21 46 25 51 14 45 36 18 17 20 49 44 24 48 52 42 20 21 38
 28 29 32 35 27 38 38 45 36 42 0 43 22 122 52 20 11 14 33 44 17 53 31 21 46 34 38 22 42 34 50 14 37 23 46 10 37 31 11 11 15 47 39 16 40 47 37 18 17 35
 35 36 40 43 34 43 44 47 43 47 43 0 26 124 55 22 14 19 35 51 21 56 34 25 52 36 39 24 45 34 53 19 39 25 48 15 40 35 12 15 20 47 43 21 42 48 39 22 21 36
 15 16 21 22 15 25 23 31 23 29 22 26 0 118 46 16 6 11 30 42 11 47 27 15 42 28 32 18 38 28 43 11 34 18 39 6 31 27 7 6 10 41 33 10 36 41 32 13 10 28
 115 115 119 122 114 125 125 132 123 125 122 124 118 0 79 55 53 58 65 73 47 79 71 55 78 67 64 62 78 63 80 43 69 53 72 39 79 71 42 39 54 73 73 43 80 84 64 56 54 72
 44 45 48 50 43 51 54 60 53 56 52 55 46 79 0 28 16 22 43 55 21 58 37 24 55 42 42 28 52 36 54 25 42 30 54 21 41 36 18 19 20 54 45 21 48 55 45 24 24 39
 12 14 17 19 12 20 24 25 21 24 20 22 16 55 28 0 6 10 28 39 10 45 26 14 41 26 31 17 37 27 42 10 33 16 38 6 31 26 6 5 9 40 32 9 35 40 30 11 10 28
 4 4 8 10 3 14 14 15 12 17 11 14 6 53 16 6 0 6 24 36 6 42 23 11 38 23 27 14 33 23 39 6 29 12 35 2 27 23 2 2 6 36 29 6 32 36 27 8 6 24
 8 9 13 16 7 17 17 24 18 20 14 19 11 58 22 10 6 0 26 38 8 44 24 12 39 24 29 16 35 25 41 8 30 14 36 4 29 24 3 3 8 38 31 8 34 38 29 9 8 26
 26 27 32 33 25 33 34 40 34 40 33 35 30 65 43 28 24 26 0 45 14 51 32 21 46 32 35 23 43 30 49 14 38 20 45 10 36 31 10 9 14 45 39 15 42 45 38 17 14 35
 38 39 42 45 37 48 47 54 46 54 44 51 42 73 55 39 36 38 45 0 19 54 34 23 54 35 40 25 49 35 55 20 45 25 47 17 42 35 18 17 22 49 44 19 45 52 41 20 21 36
 8 9 13 15 7 17 19 21 17 19 17 21 11 47 21 10 6 8 14 19 0 44 24 12 40 24 29 16 35 25 41 8 30 14 36 4 29 24 3 4 8 38 30 8 33 38 29 10 8 26
 44 45 49 50 44 53 54 58 54 56 53 56 47 79 58 45 42 44 51 54 44 0 39 30 52 37 45 33 52 40 57 25 43 26 49 19 43 42 15 16 24 50 46 20 46 51 42 22 21 40
 25 25 28 34 24 33 34 36 33 38 31 34 27 71 37 26 23 24 32 34 24 39 0 20 47 32 36 21 40 32 48 13 36 21 44 11 37 31 9 10 14 45 38 15 40 44 37 16 15 32
 13 14 17 19 12 22 24 28 21 27 21 25 15 55 24 14 11 12 21 23 12 30 20 0 41 27 30 18 37 26 42 9 32 15 39 5 30 26 5 5 9 40 32 9 35 39 30 11 10 28
 39 40 44 46 39 49 51 51 48 50 46 52 42 78 55 41 38 39 46 54 40 52 47 41 0 35 39 29 46 37 51 21 45 24 48 15 42 39 15 18 18 49 42 22 45 52 44 20 23 40
 24 26 29 31 24 33 32 42 32 35 34 36 28 67 42 26 23 24 32 35 24 37 32 27 35 0 34 22 40 30 49 16 36 20 43 10 34 32 9 11 14 45 37 15 41 45 37 17 15 34
 29 31 34 38 28 36 39 46 38 41 38 39 32 64 42 31 27 29 35 40 29 45 36 30 39 34 0 23 43 33 50 16 39 23 47 10 37 35 10 13 18 48 41 15 43 48 37 20 15 33
 15 16 19 23 15 26 26 28 26 31 22 24 18 62 28 17 14 16 23 25 16 33 21 18 29 22 23 0 38 27 45 11 34 16 39 6 32 27 7 6 11 41 34 10 37 42 32 12 11 28
 35 36 41 41 35 45 43 47 42 51 42 45 38 78 52 37 33 35 43 49 35 52 40 37 46 40 43 38 0 35 50 18 39 27 48 14 42 35 15 16 20 51 42 18 46 51 40 18 19 35
 25 25 30 31 24 35 34 42 32 36 34 34 28 63 36 27 23 25 30 35 25 40 32 26 37 30 33 27 35 0 48 15 38 21 42 10 35 32 9 10 15 45 36 16 41 43 36 16 13 33
 41 43 45 50 41 50 49 58 48 54 50 53 43 80 54 42 39 41 49 55 41 57 48 42 51 49 50 45 50 48 0 21 44 25 47 15 43 36 17 19 22 52 41 24 44 51 41 23 20 39
 8 9 13 17 7 18 18 22 16 21 14 19 11 43 25 10 6 8 14 20 8 25 13 9 21 16 16 11 18 15 21 0 30 14 37 3 29 24 3 3 8 38 30 8 33 38 29 9 8 26
 30 32 36 39 30 37 42 45 38 46 37 39 34 69 42 33 29 30 38 45 30 43 36 32 45 36 39 34 39 38 44 30 0 21 45 13 37 32 14 12 15 47 40 16 41 47 39 17 18 34
 14 15 18 20 13 21 25 31 24 25 23 25 18 53 30 16 12 14 20 25 14 26 21 15 24 20 23 16 27 21 25 14 21 0 39 6 32 26 5 5 11 41 33 10 37 41 32 12 11 29
 37 38 42 43 36 47 48 52 44 51 46 48 39 72 54 38 35 36 45 47 36 49 44 39 48 43 47 39 48 42 47 37 45 39 0 17 38 34 14 17 22 48 44 17 44 48 38 21 17 37
 3 4 9 12 3 12 15 16 13 14 10 15 6 39 21 6 2 4 10 17 4 19 11 5 15 10 10 6 14 10 15 3 13 6 17 0 27 23 2 2 6 36 29 6 32 36 27 8 6 24
 29 30 33 35 28 38 39 46 37 45 37 40 31 79 41 31 27 29 36 42 29 43 37 30 42 34 37 32 42 35 43 29 37 32 38 27 0 32 14 12 15 46 37 17 41 46 36 16 18 35
 25 25 28 33 24 31 33 37 32 36 31 35 27 71 36 26 23 24 31 35 24 42 31 26 39 32 35 27 35 32 36 24 32 26 34 23 32 0 11 9 16 46 38 13 41 45 35 17 15 33
 3 4 9 11 3 11 11 21 13 18 11 12 7 42 18 6 2 3 10 18 3 15 9 5 15 9 10 7 15 9 17 3 14 5 14 2 14 11 0 2 6 36 29 6 32 36 27 8 6 24
 4 4 8 10 3 13 11 19 11 17 11 15 6 39 19 5 2 3 9 17 4 16 10 5 18 11 13 6 16 10 19 3 12 5 17 2 12 9 2 0 6 36 29 6 32 36 27 8 6 24
 8 9 12 14 7 18 17 24 19 20 15 20 10 54 20 9 6 8 14 22 8 24 14 9 18 14 18 11 20 15 22 8 15 11 22 6 15 16 6 6 0 38 30 8 34 38 29 10 8 26
 38 39 44 47 38 46 48 52 45 49 47 47 41 73 54 40 36 38 45 49 38 50 45 40 49 45 48 41 51 45 52 38 47 41 48 36 46 46 36 36 38 0 40 21 43 51 41 19 21 40
 31 31 35 40 30 39 38 48 40 44 39 43 33 73 45 32 29 31 39 44 30 46 38 32 42 37 41 34 42 36 41 30 40 33 44 29 37 38 29 29 30 40 0 18 44 48 38 17 18 37
 8 10 13 16 8 18 17 24 15 24 16 21 10 43 21 9 6 8 15 19 8 20 15 9 22 15 15 10 18 16 24 8 16 10 17 6 17 13 6 6 8 21 18 0 33 38 29 10 8 26
 34 35 39 41 33 41 45 48 42 48 40 42 36 80 48 35 32 34 42 45 33 46 40 35 45 41 43 37 46 41 44 33 41 37 44 32 41 41 32 32 34 43 44 33 0 48 39 19 16 34
 38 39 42 45 37 48 46 50 45 52 47 48 41 84 55 40 36 38 45 52 38 51 44 39 52 45 48 42 51 43 51 38 47 41 48 36 46 45 36 36 38 51 48 38 48 0 40 19 21 39
 29 30 33 35 28 36 38 42 39 42 37 39 32 64 45 30 27 29 38 41 29 42 37 30 44 37 37 32 40 36 41 29 39 32 38 27 36 35 27 27 29 41 38 29 39 40 0 20 16 33
 10 11 15 18 9 17 18 22 20 20 18 22 13 56 24 11 8 9 17 20 10 22 16 11 20 17 20 12 18 16 23 9 17 12 21 8 16 17 8 8 10 19 17 10 19 19 20 0 8 27
 8 9 12 17 8 16 18 22 18 21 17 21 10 54 24 10 6 8 14 21 8 21 15 10 23 15 15 11 19 13 20 8 18 11 17 6 18 15 6 6 8 21 18 8 16 21 16 8 0 26
 26 27 30 35 26 36 36 40 35 38 35 36 28 72 39 28 24 26 35 36 26 40 32 28 40 34 33 28 35 33 39 26 34 29 37 24 35 33 24 24 26 40 37 26 34 39 33 27 26 0

 0 37 19 14 34 41 18 37 16 43 37 24 33 34 16 172 10 34 9 7 33 15 19 28 22 42 18 8 14 44 362 17 32 37 16 30 36 34 27 25 28 11 27 18 28 11 10 34 26 41
 37 0 27 20 43 51 25 45 25 51 44 33 40 42 24 182 15 43 15 17 39 22 28 34 29 47 28 16 24 53 372 26 39 43 23 40 44 41 34 30 35 21 34 25 35 21 21 43 32 47
 19 27 0 14 34 41 19 39 16 44 37 26 34 34 18 174 10 33 10 8 34 15 21 28 23 42 19 9 14 45 362 18 33 37 17 31 37 35 28 25 30 12 28 19 28 12 11 36 27 41
 14 20 14 0 32 39 16 37 14 43 34 23 31 32 15 171 7 32 7 7 32 12 18 25 20 39 17 6 12 42 360 15 30 35 15 29 34 33 25 23 27 9 26 17 25 9 9 33 24 39
 34 43 34 32 0 46 26 44 23 52 41 31 41 41 21 180 15 40 14 16 41 21 28 32 28 45 23 14 19 51 366 22 37 44 25 37 43 41 35 32 33 17 32 23 33 18 18 42 33 48
 41 51 41 39 46 0 25 49 22 55 45 32 45 42 24 182 21 44 17 15 44 21 27 36 28 49 29 19 21 52 369 26 39 45 24 41 43 46 35 35 38 19 36 27 36 20 19 46 37 49
 18 25 19 16 26 25 0 38 15 43 37 24 33 33 18 172 9 33 9 8 34 15 20 28 22 40 18 7 13 43 362 18 31 37 17 31 36 34 27 24 28 12 27 19 27 10 11 36 26 40
 37 45 39 37 44 49 38 0 22 53 43 32 40 42 25 183 16 40 17 16 43 23 27 35 30 50 24 16 24 52 372 23 40 46 24 36 43 42 34 31 37 19 36 25 33 17 17 42 35 50
 16 25 16 14 23 22 15 22 0 43 36 24 33 33 15 172 8 33 8 6 32 12 18 26 20 40 17 6 13 42 361 16 31 35 16 30 35 34 26 24 28 9 27 17 27 10 9 34 25 40
 43 51 44 43 52 55 43 53 43 0 48 33 41 42 26 182 21 45 18 17 46 23 28 40 29 49 30 19 27 54 372 30 40 49 30 39 49 44 38 32 38 19 35 27 40 21 19 44 36 50
 37 44 37 34 41 45 37 43 36 48 0 32 39 40 26 181 18 39 16 15 43 19 28 34 27 47 26 13 22 52 369 22 40 43 23 39 46 44 37 31 34 17 37 24 36 16 17 41 34 46
 24 33 26 23 31 32 24 32 24 33 32 0 36 35 19 177 12 36 13 10 35 17 22 29 23 43 21 10 16 45 364 18 34 39 21 33 39 36 30 26 33 14 29 22 30 14 15 39 28 42
 33 40 34 31 41 45 33 40 33 41 39 36 0 38 22 178 16 38 16 13 41 21 28 33 27 48 23 15 18 50 366 23 38 41 25 38 44 43 34 29 37 16 35 26 35 19 15 39 31 48
 34 42 34 32 41 42 33 42 33 42 40 35 38 0 25 177 16 39 16 16 40 19 25 32 26 48 23 13 19 52 367 22 36 41 23 38 42 43 32 29 36 17 34 26 32 15 18 42 33 49
 16 24 18 15 21 24 18 25 15 26 26 19 22 25 0 172 8 33 9 8 34 13 19 28 22 40 19 7 13 44 361 16 31 36 16 30 36 34 28 24 29 10 26 17 27 11 10 35 25 41
 172 182 174 171 180 182 172 183 172 182 181 177 178 177 172 0 71 95 66 59 101 70 93 95 94 97 75 75 65 100 429 90 105 104 79 81 87 91 89 97 91 62 95 80 100 62 78 91 77 92
 10 15 10 7 15 21 9 16 8 21 18 12 16 16 8 71 0 30 6 5 30 11 16 24 18 37 15 4 10 40 358 14 28 33 13 27 33 32 24 21 25 7 24 15 24 7 7 31 22 38
 34 43 33 32 40 44 33 40 33 45 39 36 38 39 33 95 30 0 17 13 39 20 26 34 27 45 23 15 21 49 368 21 38 41 23 38 42 43 32 32 34 19 33 23 32 17 16 42 32 45
 9 15 10 7 14 17 9 17 8 18 16 13 16 16 9 66 6 17 0 4 30 11 17 24 18 37 15 5 10 40 358 14 28 33 13 27 33 31 24 21 25 8 24 15 24 7 7 31 23 38
 7 17 8 7 16 15 8 16 6 17 15 10 13 16 8 59 5 13 4 0 29 10 16 23 17 37 14 4 10 40 358 13 28 32 13 26 32 31 23 20 25 7 23 14 23 7 7 31 22 37
 33 39 34 32 41 44 34 43 32 46 43 35 41 40 34 101 30 39 30 29 0 20 27 34 28 49 25 12 22 51 370 22 37 41 23 36 41 43 33 31 35 16 33 24 32 17 19 43 32 49
 15 22 15 12 21 21 15 23 12 23 19 17 21 19 13 70 11 20 11 10 20 0 18 25 20 40 16 6 12 42 361 15 30 35 16 29 35 34 25 23 27 9 26 16 26 9 9 33 24 39
 19 28 21 18 28 27 20 27 18 28 28 22 28 25 19 93 16 26 17 16 27 18 0 28 21 41 18 9 15 45 363 18 33 37 17 31 37 36 28 25 30 12 28 19 28 11 11 36 27 41
 28 34 28 25 32 36 28 35 26 40 34 29 33 32 28 95 24 34 24 23 34 25 28 0 24 45 21 12 16 47 365 21 35 41 21 33 41 39 32 27 34 13 32 23 32 13 15 38 30 46
 22 29 23 20 28 28 22 30 20 29 27 23 27 26 22 94 18 27 18 17 28 20 21 24 0 43 19 10 15 44 362 19 34 37 17 32 38 36 29 26 31 12 29 20 29 12 13 35 28 41
 42 47 42 39 45 49 40 50 40 49 47 43 48 48 40 97 37 45 37 37 49 40 41 45 43 0 30 15 22 51 371 26 41 48 26 41 43 42 39 36 38 19 38 26 39 21 19 43 34 49
 18 28 19 17 23 29 18 24 17 30 26 21 23 23 19 75 15 23 15 14 25 16 18 21 19 30 0 8 13 44 362 16 32 36 17 30 36 36 27 24 30 12 27 18 28 12 11 35 25 41
 8 16 9 6 14 19 7 16 6 19 13 10 15 13 7 75 4 15 5 4 12 6 9 12 10 15 8 0 10 40 358 13 28 32 13 26 32 31 23 20 25 7 23 14 23 7 7 31 22 37
 14 24 14 12 19 21 13 24 13 27 22 16 18 19 13 65 10 21 10 10 22 12 15 16 15 22 13 10 0 42 360 15 31 35 15 29 34 33 26 23 28 9 25 16 26 9 9 33 24 39
 44 53 45 42 51 52 43 52 42 54 52 45 50 52 44 100 40 49 40 40 51 42 45 47 44 51 44 40 42 0 371 26 45 45 27 41 44 45 39 32 38 22 35 27 38 24 19 46 39 49
 362 372 362 360 366 369 362 372 361 372 369 364 366 367 361 429 358 368 358 358 370 361 363 365 362 371 362 358 360 371 0 154 157 186 154 192 186 196 189 138 178 160 189 132 177 148 136 160 140 202
 17 26 18 15 22 26 18 23 16 30 22 18 23 22 16 90 14 21 14 13 22 15 18 21 19 26 16 13 15 26 154 0 31 35 17 29 35 34 26 25 29 11 27 19 28 10 11 34 25 40
 32 39 33 30 37 39 31 40 31 40 40 34 38 36 31 105 28 38 28 28 37 30 33 35 34 41 32 28 31 45 157 31 0 42 23 37 44 40 34 28 33 15 33 25 34 15 15 41 30 47
 37 43 37 35 44 45 37 46 35 49 43 39 41 41 36 104 33 41 33 32 41 35 37 41 37 48 36 32 35 45 186 35 42 0 26 40 42 43 37 30 34 18 33 28 37 16 20 44 35 50
 16 23 17 15 25 24 17 24 16 30 23 21 25 23 16 79 13 23 13 13 23 16 17 21 17 26 17 13 15 27 154 17 23 26 0 30 35 34 27 23 28 10 27 17 27 10 10 34 26 41
 30 40 31 29 37 41 31 36 30 39 39 33 38 38 30 81 27 38 27 26 36 29 31 33 32 41 30 26 29 41 192 29 37 40 30 0 40 40 31 31 34 15 31 22 31 14 17 41 29 45
 36 44 37 34 43 43 36 43 35 49 46 39 44 42 36 87 33 42 33 32 41 35 37 41 38 43 36 32 34 44 186 35 44 42 35 40 0 43 37 33 38 20 37 25 37 19 16 40 33 47
 34 41 35 33 41 46 34 42 34 44 44 36 43 43 34 91 32 43 31 31 43 34 36 39 36 42 36 31 33 45 196 34 40 43 34 40 43 0 33 29 36 17 36 26 33 18 18 41 31 48
 27 34 28 25 35 35 27 34 26 38 37 30 34 32 28 89 24 32 24 23 33 25 28 32 29 39 27 23 26 39 189 26 34 37 27 31 37 33 0 27 33 13 32 21 30 16 15 39 29 45
 25 30 25 23 32 35 24 31 24 32 31 26 29 29 24 97 21 32 21 20 31 23 25 27 26 36 24 20 23 32 138 25 28 30 23 31 33 29 27 0 31 15 29 21 30 14 12 39 29 43
 28 35 30 27 33 38 28 37 28 38 34 33 37 36 29 91 25 34 25 25 35 27 30 34 31 38 30 25 28 38 178 29 33 34 28 34 38 36 33 31 0 14 30 22 33 16 15 39 29 45
 11 21 12 9 17 19 12 19 9 19 17 14 16 17 10 62 7 19 8 7 16 9 12 13 12 19 12 7 9 22 160 11 15 18 10 15 20 17 13 15 14 0 25 16 24 8 8 32 23 38
 27 34 28 26 32 36 27 36 27 35 37 29 35 34 26 95 24 33 24 23 33 26 28 32 29 38 27 23 25 35 189 27 33 33 27 31 37 36 32 29 30 25 0 22 30 14 15 39 31 46
 18 25 19 17 23 27 19 25 17 27 24 22 26 26 17 80 15 23 15 14 24 16 19 23 20 26 18 14 16 27 132 19 25 28 17 22 25 26 21 21 22 16 22 0 28 11 10 36 26 41
 28 35 28 25 33 36 27 33 27 40 36 30 35 32 27 100 24 32 24 23 32 26 28 32 29 39 28 23 26 38 177 28 34 37 27 31 37 33 30 30 33 24 30 28 0 15 16 39 30 45
 11 21 12 9 18 20 10 17 10 21 16 14 19 15 11 62 7 17 7 7 17 9 11 13 12 21 12 7 9 24 148 10 15 16 10 14 19 18 16 14 16 8 14 11 15 0 8 32 23 38
 10 21 11 9 18 19 11 17 9 19 17 15 15 18 10 78 7 16 7 7 19 9 11 15 13 19 11 7 9 19 136 11 15 20 10 17 16 18 15 12 15 8 15 10 16 8 0 32 23 38
 34 43 36 33 42 46 36 42 34 44 41 39 39 42 35 91 31 42 31 31 43 33 36 38 35 43 35 31 33 46 160 34 41 44 34 41 40 41 39 39 39 32 39 36 39 32 32 0 34 48
 26 32 27 24 33 37 26 35 25 36 34 28 31 33 25 77 22 32 23 22 32 24 27 30 28 34 25 22 24 39 140 25 30 35 26 29 33 31 29 29 29 23 31 26 30 23 23 34 0 44
 41 47 41 39 48 49 40 50 40 50 46 42 48 49 41 92 38 45 38 37 49 39 41 46 41 49 41 37 39 49 202 40 47 50 41 45 47 48 45 43 45 38 46 41 45 38 38 48 44 0

 0 25 44 26 44 14 35 41 19 11 6 27 33 8 47 47 13 29 18 11 9 4 32 29 32 13 14 24 24 15 3 11 22 27 17 35 6 40 22 21 5 32 17 38 83 5 3 26 36 38
 25 0 49 33 51 21 43 48 24 16 14 33 39 16 53 53 18 35 25 18 17 9 40 35 39 20 19 30 32 23 11 18 29 35 24 40 14 46 27 29 13 39 25 46 91 13 10 33 42 46
 44 49 0 42 61 28 47 54 33 27 21 45 48 22 59 59 28 46 36 24 24 15 49 45 49 27 27 42 36 30 18 28 36 39 31 52 19 52 36 37 22 49 30 50 96 21 15 40 52 50
 26 33 42 0 50 21 44 50 24 17 14 35 41 17 56 54 21 35 26 19 17 11 40 36 40 20 21 33 30 21 11 19 28 33 25 43 15 46 29 28 11 38 23 45 89 12 12 32 43 44
 44 51 61 50 0 27 51 57 33 25 24 39 51 20 60 61 28 41 31 27 27 16 49 42 44 28 28 39 40 33 15 28 33 42 31 51 18 52 39 34 19 44 31 52 100 18 16 42 49 51
 14 21 28 21 27 0 38 44 21 13 8 29 36 10 49 50 15 32 22 14 11 6 35 31 34 15 16 27 27 18 5 14 24 29 20 38 8 42 25 25 8 35 20 41 86 8 7 29 40 40
 35 43 47 44 51 38 0 54 31 24 17 40 44 20 57 56 21 39 28 23 20 15 41 38 41 25 26 36 37 26 15 20 32 39 30 45 17 52 34 33 16 42 26 51 93 16 16 35 49 51
 41 48 54 50 57 44 54 0 34 22 17 42 49 24 61 58 23 45 30 25 24 17 48 45 48 28 25 36 39 26 17 24 35 38 29 47 18 51 37 37 16 45 31 49 94 21 17 39 47 52
 19 24 33 24 33 21 31 34 0 15 12 31 38 11 51 51 18 33 22 15 15 8 36 33 35 17 18 29 28 21 7 15 27 31 22 39 11 43 26 25 9 37 21 42 88 10 7 31 41 41
 11 16 27 17 25 13 24 22 15 0 8 29 35 10 48 48 13 30 20 12 11 4 33 30 33 14 16 25 26 17 5 12 23 29 19 36 7 41 23 23 6 33 19 39 85 6 5 28 37 39
 6 14 21 14 24 8 17 17 12 8 0 27 33 7 46 46 12 28 18 10 9 3 31 28 31 12 13 24 24 15 3 10 21 27 16 34 6 39 21 21 4 31 16 38 82 4 3 25 36 37
 27 33 45 35 39 29 40 42 31 29 27 0 43 14 54 55 21 37 27 20 16 10 40 38 41 19 21 33 33 23 12 20 31 36 25 42 13 48 30 28 14 39 26 47 89 13 10 32 43 44
 33 39 48 41 51 36 44 49 38 35 33 43 0 17 59 56 21 40 29 19 19 12 42 40 43 24 24 37 36 28 13 20 30 40 28 46 18 52 34 32 13 43 26 49 92 13 15 38 48 48
 8 16 22 17 20 10 20 24 11 10 7 14 17 0 47 47 13 29 18 11 10 3 32 29 32 12 14 24 24 16 3 11 22 27 17 35 6 39 21 21 5 32 17 38 83 5 4 26 36 38
 47 53 59 56 60 49 57 61 51 48 46 54 59 47 0 65 31 47 31 27 28 22 48 47 49 27 31 43 41 28 18 24 34 46 35 51 23 54 38 38 18 49 31 52 99 23 16 43 51 55
 47 53 59 54 61 50 56 58 51 48 46 55 56 47 65 0 25 47 37 27 26 19 48 45 48 31 31 43 37 28 16 24 40 46 33 52 19 58 40 36 23 45 35 51 97 18 20 39 51 56
 13 18 28 21 28 15 21 23 18 13 12 21 21 13 31 25 0 31 20 12 11 5 34 31 33 15 16 27 27 17 5 13 23 30 19 36 8 41 23 24 7 33 18 40 84 7 6 28 39 39
 29 35 46 35 41 32 39 45 33 30 28 37 40 29 47 47 31 0 28 18 19 11 41 37 42 21 23 31 31 24 11 20 30 34 26 45 16 48 30 31 12 41 26 45 90 13 13 33 45 47
 18 25 36 26 31 22 28 30 22 20 18 27 29 18 31 37 20 28 0 14 14 8 36 33 37 18 19 30 28 19 7 14 27 33 22 38 11 44 27 26 9 36 21 43 88 9 7 29 41 42
 11 18 24 19 27 14 23 25 15 12 10 20 19 11 27 27 12 18 14 0 11 5 33 30 33 14 15 25 26 17 5 13 22 29 18 37 8 40 23 23 6 34 18 39 84 6 5 28 37 39
 9 17 24 17 27 11 20 24 15 11 9 16 19 10 28 26 11 19 14 11 0 4 33 30 32 13 15 25 25 16 4 12 22 28 18 36 7 40 22 22 5 33 18 39 84 6 4 26 37 39
 4 9 15 11 16 6 15 17 8 4 3 10 12 3 22 19 5 11 8 5 4 0 30 27 30 11 12 23 23 14 2 9 20 26 15 33 5 38 20 20 3 30 15 36 81 3 2 24 35 36
 32 40 49 40 49 35 41 48 36 33 31 40 42 32 48 48 34 41 36 33 33 30 0 39 42 24 23 33 35 26 11 20 31 38 28 45 15 50 31 31 13 41 26 49 92 13 13 34 45 49
 29 35 45 36 42 31 38 45 33 30 28 38 40 29 47 45 31 37 33 30 30 27 39 0 39 20 24 35 33 23 11 20 29 38 24 42 17 50 32 31 12 42 25 46 90 12 13 35 43 45
 32 39 49 40 44 34 41 48 35 33 31 41 43 32 49 48 33 42 37 33 32 30 42 39 0 23 24 33 36 25 15 20 29 39 28 44 17 48 31 33 13 42 27 49 93 16 13 35 45 47
 13 20 27 20 28 15 25 28 17 14 12 19 24 12 27 31 15 21 18 14 13 11 24 20 23 0 16 27 26 18 6 13 23 30 18 37 8 41 23 24 6 34 18 39 85 7 6 28 38 40
 14 19 27 21 28 16 26 25 18 16 13 21 24 14 31 31 16 23 19 15 15 12 23 24 24 16 0 28 26 18 7 14 24 31 20 38 8 41 25 23 7 34 20 41 86 7 6 28 39 40
 24 30 42 33 39 27 36 36 29 25 24 33 37 24 43 43 27 31 30 25 25 23 33 35 33 27 28 0 32 21 10 18 28 33 24 42 12 46 27 29 12 38 24 46 89 12 9 33 42 46
 24 32 36 30 40 27 37 39 28 26 24 33 36 24 41 37 27 31 28 26 25 23 35 33 36 26 26 32 0 23 9 16 29 33 24 43 13 47 28 28 11 39 22 45 90 11 11 33 42 45
 15 23 30 21 33 18 26 26 21 17 15 23 28 16 28 28 17 24 19 17 16 14 26 23 25 18 18 21 23 0 7 13 24 31 21 37 10 43 24 25 7 34 21 42 86 7 6 30 39 42
 3 11 18 11 15 5 15 17 7 5 3 12 13 3 18 16 5 11 7 5 4 2 11 11 15 6 7 10 9 7 0 9 20 26 15 33 5 38 20 20 3 30 15 36 81 3 2 24 35 36
 11 18 28 19 28 14 20 24 15 12 10 20 20 11 24 24 13 20 14 13 12 9 20 20 20 13 14 18 16 13 9 0 22 28 18 36 7 41 23 22 6 33 18 40 84 7 4 27 38 39
 22 29 36 28 33 24 32 35 27 23 21 31 30 22 34 40 23 30 27 22 22 20 31 29 29 23 24 28 29 24 20 22 0 32 22 39 13 44 27 28 11 39 24 43 88 10 8 31 41 43
 27 35 39 33 42 29 39 38 31 29 27 36 40 27 46 46 30 34 33 29 28 26 38 38 39 30 31 33 33 31 26 28 32 0 26 42 14 47 29 31 12 41 26 44 91 14 11 32 46 45
 17 24 31 25 31 20 30 29 22 19 16 25 28 17 35 33 19 26 22 18 18 15 28 24 28 18 20 24 24 21 15 18 22 26 0 38 11 43 25 24 9 35 20 42 87 9 7 30 40 41
 35 40 52 43 51 38 45 47 39 36 34 42 46 35 51 52 36 45 38 37 36 33 45 42 44 37 38 42 43 37 33 36 39 42 38 0 15 49 30 32 17 45 28 48 96 17 13 39 49 51
 6 14 19 15 18 8 17 18 11 7 6 13 18 6 23 19 8 16 11 8 7 5 15 17 17 8 8 12 13 10 5 7 13 14 11 15 0 39 21 21 5 31 17 37 82 4 3 26 36 37
 40 46 52 46 52 42 52 51 43 41 39 48 52 39 54 58 41 48 44 40 40 38 50 50 48 41 41 46 47 43 38 41 44 47 43 49 39 0 35 36 20 43 30 53 96 19 16 36 51 49
 22 27 36 29 39 25 34 37 26 23 21 30 34 21 38 40 23 30 27 23 22 20 31 32 31 23 25 27 28 24 20 23 27 29 25 30 21 35 0 26 11 38 24 43 89 9 8 32 42 42
 21 29 37 28 34 25 33 37 25 23 21 28 32 21 38 36 24 31 26 23 22 20 31 31 33 24 23 29 28 25 20 22 28 31 24 32 21 36 26 0 9 37 21 45 88 9 9 31 42 43
 5 13 22 11 19 8 16 16 9 6 4 14 13 5 18 23 7 12 9 6 5 3 13 12 13 6 7 12 11 7 3 6 11 12 9 17 5 20 11 9 0 31 16 37 82 4 2 25 35 37
 32 39 49 38 44 35 42 45 37 33 31 39 43 32 49 45 33 41 36 34 33 30 41 42 42 34 34 38 39 34 30 33 39 41 35 45 31 43 38 37 31 0 25 48 93 15 14 37 48 47
 17 25 30 23 31 20 26 31 21 19 16 26 26 17 31 35 18 26 21 18 18 15 26 25 27 18 20 24 22 21 15 18 24 26 20 28 17 30 24 21 16 25 0 42 86 9 7 29 40 42
 38 46 50 45 52 41 51 49 42 39 38 47 49 38 52 51 40 45 43 39 39 36 49 46 49 39 41 46 45 42 36 40 43 44 42 48 37 53 43 45 37 48 42 0 94 18 17 37 48 52
 83 91 96 89 100 86 93 94 88 85 82 89 92 83 99 97 84 90 88 84 84 81 92 90 93 85 86 89 90 86 81 84 88 91 87 96 82 96 89 88 82 93 86 94 0 30 31 51 64 73
 5 13 21 12 18 8 16 21 10 6 4 13 13 5 23 18 7 13 9 6 6 3 13 12 16 7 7 12 11 7 3 7 10 14 9 17 4 19 9 9 4 15 9 18 30 0 2 25 35 37
 3 10 15 12 16 7 16 17 7 5 3 10 15 4 16 20 6 13 7 5 4 2 13 13 13 6 6 9 11 6 2 4 8 11 7 13 3 16 8 9 2 14 7 17 31 2 0 24 35 36
 26 33 40 32 42 29 35 39 31 28 25 32 38 26 43 39 28 33 29 28 26 24 34 35 35 28 28 33 33 30 24 27 31 32 30 39 26 36 32 31 25 37 29 37 51 25 24 0 45 46
 36 42 52 43 49 40 49 47 41 37 36 43 48 36 51 51 39 45 41 37 37 35 45 43 45 38 39 42 42 39 35 38 41 46 40 49 36 51 42 42 35 48 40 48 64 35 35 45 0 50
 38 46 50 44 51 40 51 52 41 39 37 44 48 38 55 56 39 47 42 39 39 36 49 45 47 40 40 46 45 42 36 39 43 45 41 51 37 49 42 43 37 47 42 52 73 37 36 46 50 0

 0 7 17 34 2 2 2 26 26 10 85 37 8 32 193 28 31 14 28 35 7 22 26 7 22 11 16 25 7 37 20 19 11 22 5 38 8 28 7 2 38 10 11 19 35 43 7 31 8 10
 7 0 19 35 3 3 4 28 27 11 86 38 9 34 194 29 32 16 29 37 8 23 27 8 23 12 17 26 8 38 21 20 12 23 7 40 9 29 8 3 40 11 13 20 37 44 8 32 9 11
 17 19 0 38 8 7 8 32 31 15 90 43 15 37 199 33 35 20 33 42 11 26 31 12 28 16 22 31 12 42 26 23 16 26 11 43 14 32 13 8 45 16 16 23 41 47 13 37 13 15
 34 35 38 0 12 15 14 36 39 23 95 49 22 46 206 39 41 24 38 49 21 33 38 17 34 22 28 38 17 51 30 33 23 35 18 50 22 39 18 12 51 21 25 29 48 56 18 41 21 23
 2 3 8 12 0 2 2 26 26 9 84 36 8 32 192 27 30 14 27 35 6 21 26 6 21 11 15 24 6 36 20 18 11 21 5 38 8 27 6 2 38 9 11 18 35 42 6 30 8 9
 2 3 7 15 2 0 2 26 26 9 84 36 8 32 192 27 30 14 27 35 6 21 26 6 21 11 15 24 6 36 20 18 11 21 5 38 8 27 6 2 38 9 11 18 35 42 6 30 8 9
 2 4 8 14 2 2 0 26 26 9 84 36 8 32 192 27 30 14 27 35 6 21 26 6 21 11 15 24 6 36 20 18 11 21 5 38 8 27 6 2 38 9 11 18 35 42 6 30 8 9
 26 28 32 36 26 26 26 0 34 19 95 46 17 40 200 37 40 25 38 43 16 31 37 17 32 20 23 35 17 46 30 29 22 29 13 46 17 37 17 10 49 19 19 27 46 53 17 40 16 17
 26 27 31 39 26 26 26 34 0 19 93 45 19 41 203 35 40 22 38 44 17 31 35 14 32 19 26 32 16 46 31 28 22 30 15 49 16 38 15 12 48 20 21 26 46 51 17 41 16 20
 10 11 15 23 9 9 9 19 19 0 87 40 11 35 195 30 33 17 30 37 9 25 28 9 24 14 19 27 9 39 23 21 14 24 7 41 11 30 10 4 40 13 14 21 37 46 10 33 11 12
 85 86 90 95 84 84 84 95 93 87 0 64 41 70 231 66 69 47 66 65 39 51 56 34 51 38 43 63 45 64 58 57 41 51 35 76 46 66 39 35 73 45 44 51 62 81 34 66 46 39
 37 38 43 49 36 36 36 46 45 40 64 0 21 44 206 39 44 26 42 51 18 37 38 18 37 22 27 40 21 50 31 31 27 36 20 50 23 39 18 13 49 21 26 33 48 57 18 42 20 22
 8 9 15 22 8 8 8 17 19 11 41 21 0 34 195 30 32 16 29 37 8 23 28 9 23 13 17 26 8 39 22 21 13 23 7 40 10 30 8 4 40 11 13 21 37 45 9 33 10 11
 32 34 37 46 32 32 32 40 41 35 70 44 34 0 205 40 40 27 40 48 16 34 40 20 35 22 27 38 20 50 30 32 25 31 19 50 21 41 18 13 48 20 24 31 49 54 16 40 20 20
 193 194 199 206 192 192 192 200 203 195 231 206 195 205 0 91 106 83 97 98 89 97 108 95 97 87 79 94 89 106 83 88 93 85 87 107 77 116 89 71 127 98 93 107 104 131 82 113 90 79
 28 29 33 39 27 27 27 37 35 30 66 39 30 40 91 0 39 22 37 43 16 33 38 15 32 23 27 33 15 45 32 27 20 30 17 49 18 37 17 10 49 21 22 28 44 52 15 42 20 19
 31 32 35 41 30 30 30 40 40 33 69 44 32 40 106 39 0 27 38 47 18 32 35 18 34 23 26 35 19 48 29 29 21 34 18 47 20 38 18 14 50 20 20 29 45 54 18 41 17 22
 14 16 20 24 14 14 14 25 22 17 47 26 16 27 83 22 27 0 31 40 11 26 31 12 26 15 20 28 11 40 24 22 16 25 9 43 13 32 10 7 42 15 15 23 40 47 11 35 13 14
 28 29 33 38 27 27 27 38 38 30 66 42 29 40 97 37 38 31 0 46 16 32 37 17 30 21 26 34 15 47 32 27 23 30 15 46 18 38 16 10 50 21 20 27 43 52 15 39 16 18
 35 37 42 49 35 35 35 43 44 37 65 51 37 48 98 43 47 40 46 0 17 33 37 22 32 26 27 35 22 50 34 31 23 33 17 53 20 38 20 13 51 23 24 31 50 53 20 43 23 25
 7 8 11 21 6 6 6 16 17 9 39 18 8 16 89 16 18 11 16 17 0 23 28 8 23 12 17 26 8 38 22 20 12 23 7 39 9 29 8 4 39 11 12 20 37 44 8 32 10 11
 22 23 26 33 21 21 21 31 31 25 51 37 23 34 97 33 32 26 32 33 23 0 33 13 30 18 22 33 14 43 28 25 19 30 12 47 16 36 13 9 45 16 18 25 42 51 13 39 15 18
 26 27 31 38 26 26 26 37 35 28 56 38 28 40 108 38 35 31 37 37 28 33 0 14 32 22 24 35 17 46 31 28 19 32 16 46 18 35 16 11 48 18 21 27 45 51 17 41 16 19
 7 8 12 17 6 6 6 17 14 9 34 18 9 20 95 15 18 12 17 22 8 13 14 0 23 13 17 26 8 38 21 20 12 23 6 39 9 29 8 3 40 11 13 20 37 44 8 32 9 11
 22 23 28 34 21 21 21 32 32 24 51 37 23 35 97 32 34 26 30 32 23 30 32 23 0 17 22 31 15 45 28 25 19 28 13 45 15 35 13 8 44 17 20 26 43 51 15 37 15 17
 11 12 16 22 11 11 11 20 19 14 38 22 13 22 87 23 23 15 21 26 12 18 22 13 17 0 19 28 10 39 23 22 15 25 8 42 11 31 10 5 42 12 15 21 39 46 10 33 12 13
 16 17 22 28 15 15 15 23 26 19 43 27 17 27 79 27 26 20 26 27 17 22 24 17 22 19 0 30 11 42 24 24 17 26 10 43 13 33 12 8 44 15 16 24 39 48 12 35 13 15
 25 26 31 38 24 24 24 35 32 27 63 40 26 38 94 33 35 28 34 35 26 33 35 26 31 28 30 0 14 44 27 26 18 29 14 45 16 36 14 12 45 19 21 28 44 51 17 38 17 18
 7 8 12 17 6 6 6 17 16 9 45 21 8 20 89 15 19 11 15 22 8 14 17 8 15 10 11 14 0 38 21 20 12 23 6 39 10 29 8 3 39 11 13 20 36 44 8 32 9 11
 37 38 42 51 36 36 36 46 46 39 64 50 39 50 106 45 48 40 47 50 38 43 46 38 45 39 42 44 38 0 33 32 26 34 20 53 21 41 19 17 51 21 24 33 48 54 18 44 19 24
 20 21 26 30 20 20 20 30 31 23 58 31 22 30 83 32 29 24 32 34 22 28 31 21 28 23 24 27 21 33 0 24 17 29 11 46 15 33 15 9 44 16 18 25 42 48 13 37 15 17
 19 20 23 33 18 18 18 29 28 21 57 31 21 32 88 27 29 22 27 31 20 25 28 20 25 22 24 26 20 32 24 0 18 27 11 45 14 33 12 8 44 15 17 26 42 48 14 36 13 15
 11 12 16 23 11 11 11 22 22 14 41 27 13 25 93 20 21 16 23 23 12 19 19 12 19 15 17 18 12 26 17 18 0 25 8 41 11 30 10 5 41 13 14 21 38 45 9 34 12 13
 22 23 26 35 21 21 21 29 30 24 51 36 23 31 85 30 34 25 30 33 23 30 32 23 28 25 26 29 23 34 29 27 25 0 11 45 14 36 15 10 47 16 17 25 42 51 13 38 15 16
 5 7 11 18 5 5 5 13 15 7 35 20 7 19 87 17 18 9 15 17 7 12 16 6 13 8 10 14 6 20 11 11 8 11 0 39 9 28 7 3 39 10 12 19 36 43 7 31 9 10
 38 40 43 50 38 38 38 46 49 41 76 50 40 50 107 49 47 43 46 53 39 47 46 39 45 42 43 45 39 53 46 45 41 45 39 0 23 42 18 15 51 22 24 31 47 59 19 43 24 21
 8 9 14 22 8 8 8 17 16 11 46 23 10 21 77 18 20 13 18 20 9 16 18 9 15 11 13 16 10 21 15 14 11 14 9 23 0 30 8 4 40 12 13 20 37 45 8 32 10 11
 28 29 32 39 27 27 27 37 38 30 66 39 30 41 116 37 38 32 38 38 29 36 35 29 35 31 33 36 29 41 33 33 30 36 28 42 30 0 15 14 47 20 22 27 44 54 15 42 19 20
 7 8 13 18 6 6 6 17 15 10 39 18 8 18 89 17 18 10 16 20 8 13 16 8 13 10 12 14 8 19 15 12 10 15 7 18 8 15 0 3 39 11 12 20 36 44 8 32 10 11
 2 3 8 12 2 2 2 10 12 4 35 13 4 13 71 10 14 7 10 13 4 9 11 3 8 5 8 12 3 17 9 8 5 10 3 15 4 14 3 0 38 9 11 18 35 42 6 30 8 9
 38 40 45 51 38 38 38 49 48 40 73 49 40 48 127 49 50 42 50 51 39 45 48 40 44 42 44 45 39 51 44 44 41 47 39 51 40 47 39 38 0 25 27 30 50 57 21 46 20 26
 10 11 16 21 9 9 9 19 20 13 45 21 11 20 98 21 20 15 21 23 11 16 18 11 17 12 15 19 11 21 16 15 13 16 10 22 12 20 11 9 25 0 13 22 38 45 9 34 10 12
 11 13 16 25 11 11 11 19 21 14 44 26 13 24 93 22 20 15 20 24 12 18 21 13 20 15 16 21 13 24 18 17 14 17 12 24 13 22 12 11 27 13 0 21 39 45 10 34 11 13
 19 20 23 29 18 18 18 27 26 21 51 33 21 31 107 28 29 23 27 31 20 25 27 20 26 21 24 28 20 33 25 26 21 25 19 31 20 27 20 18 30 22 21 0 41 49 13 37 15 16
 35 37 41 48 35 35 35 46 46 37 62 48 37 49 104 44 45 40 43 50 37 42 45 37 43 39 39 44 36 48 42 42 38 42 36 47 37 44 36 35 50 38 39 41 0 54 19 46 22 21
 43 44 47 56 42 42 42 53 51 46 81 57 45 54 131 52 54 47 52 53 44 51 51 44 51 46 48 51 44 54 48 48 45 51 43 59 45 54 44 42 57 45 45 49 54 0 25 46 21 27
 7 8 13 18 6 6 6 17 17 10 34 18 9 16 82 15 18 11 15 20 8 13 17 8 15 10 12 17 8 18 13 14 9 13 7 19 8 15 8 6 21 9 10 13 19 25 0 32 10 11
 31 32 37 41 30 30 30 40 41 33 66 42 33 40 113 42 41 35 39 43 32 39 41 32 37 33 35 38 32 44 37 36 34 38 31 43 32 42 32 30 46 34 34 37 46 46 32 0 20 21
 8 9 13 21 8 8 8 16 16 11 46 20 10 20 90 20 17 13 16 23 10 15 16 9 15 12 13 17 9 19 15 13 12 15 9 24 10 19 10 8 20 10 11 15 22 21 10 20 0 12
 10 11 15 23 9 9 9 17 20 12 39 22 11 20 79 19 22 14 18 25 11 18 19 11 17 13 15 18 11 24 17 15 13 16 10 21 11 20 11 9 26 12 13 16 21 27 11 21 12 0

 0 46 17 27 38 12 34 22 29 34 35 35 34 26 16 13 12 31 23 7 28 14 10 6 17 29 104 45 10 22 14 34 23 275 22 23 45 18 40 27 12 36 43 9 16 39 9 12 33 29
 46 0 26 37 48 27 42 34 38 45 45 45 44 36 30 27 22 43 37 19 42 28 19 16 26 42 115 54 24 36 28 44 34 286 34 33 58 27 54 39 20 45 57 18 28 49 24 20 48 39
 17 26 0 26 38 13 34 21 28 34 35 34 34 26 14 12 13 31 23 6 28 13 9 6 17 29 103 43 10 22 13 34 23 275 20 23 43 17 41 26 10 35 43 10 14 38 9 10 34 28
 27 37 26 0 42 17 38 24 33 40 40 38 40 30 20 16 15 34 27 9 33 18 12 10 22 33 108 48 15 27 16 39 28 277 26 26 46 21 46 31 13 40 49 12 19 41 14 14 36 34
 38 48 38 42 0 20 40 30 39 42 41 41 43 36 23 21 21 40 32 12 35 24 19 16 25 35 113 53 19 33 21 44 32 281 28 30 51 25 51 35 17 45 51 16 24 46 16 17 40 37
 12 27 13 17 20 0 31 19 26 32 33 33 32 24 13 10 10 29 20 4 27 12 7 4 15 26 102 42 9 21 12 33 21 273 19 20 42 14 39 25 8 32 41 7 13 35 7 9 31 26
 34 42 34 38 40 31 0 27 33 42 40 39 42 31 20 20 18 37 30 12 36 22 17 14 21 37 111 52 17 29 18 39 29 281 28 29 48 25 48 32 19 39 51 16 21 45 14 16 41 33
 22 34 21 24 30 19 27 0 31 36 37 37 36 27 16 14 14 34 23 7 31 15 11 7 18 29 106 46 12 24 14 35 25 277 23 25 46 19 41 28 13 37 46 10 17 39 11 12 35 30
 29 38 28 33 39 26 33 31 0 38 38 38 41 31 20 17 18 35 26 9 34 17 12 11 22 34 110 47 16 27 20 38 28 278 26 26 50 23 47 30 14 40 47 14 20 41 14 14 36 35
 34 45 34 40 42 32 42 36 38 0 43 40 42 32 24 21 17 39 29 15 37 19 15 11 24 37 111 52 18 30 21 40 30 280 29 28 50 24 47 32 18 40 52 15 23 43 18 19 38 36
 35 45 35 40 41 33 40 37 38 43 0 43 42 31 24 19 21 39 28 14 36 20 15 15 25 36 112 52 17 30 21 40 30 281 28 29 49 23 46 32 17 42 49 16 23 45 18 17 41 34
 35 45 34 38 41 33 39 37 38 40 43 0 40 34 22 20 18 37 29 11 37 20 16 12 24 36 111 52 17 28 20 40 30 282 27 30 51 24 49 35 18 42 52 17 20 45 16 16 42 36
 34 44 34 40 43 32 42 36 41 42 42 40 0 33 24 19 17 37 29 15 34 20 16 12 23 36 111 51 17 28 19 43 28 280 27 30 49 24 49 33 16 43 50 15 20 46 18 18 42 36
 26 36 26 30 36 24 31 27 31 32 31 34 33 0 18 15 14 35 25 8 31 17 12 11 21 32 106 46 15 26 18 38 25 277 25 27 46 21 43 29 15 37 48 13 18 41 13 15 36 33
 16 30 14 20 23 13 20 16 20 24 24 22 24 18 0 11 11 31 21 6 28 13 8 5 15 28 103 42 9 22 12 34 21 274 20 22 43 16 39 26 9 33 42 8 15 36 9 10 33 27
 13 27 12 16 21 10 20 14 17 21 19 20 19 15 11 0 10 29 20 4 26 12 7 4 15 26 102 41 9 21 11 33 21 273 19 20 41 14 39 25 8 33 42 7 13 35 7 8 31 27
 12 22 13 15 21 10 18 14 18 17 21 18 17 14 11 10 0 30 20 4 27 11 7 4 15 27 101 41 8 20 12 32 20 273 19 20 42 14 38 25 9 33 42 7 13 35 7 8 31 27
 31 43 31 34 40 29 37 34 35 39 39 37 37 35 31 29 30 0 27 13 34 19 15 11 24 34 109 50 18 27 19 40 27 280 26 29 49 21 45 32 17 39 48 13 20 42 13 18 39 33
 23 37 23 27 32 20 30 23 26 29 28 29 29 25 21 20 20 27 0 9 30 15 12 8 19 30 106 47 12 25 16 37 26 276 22 24 45 18 42 30 13 36 45 12 17 39 12 13 36 31
 7 19 6 9 12 4 12 7 9 15 14 11 15 8 6 4 4 13 9 0 24 9 5 2 12 24 99 39 6 18 9 30 18 270 17 18 39 12 36 23 6 30 39 5 11 33 5 6 29 24
 28 42 28 33 35 27 36 31 34 37 36 37 34 31 28 26 27 34 30 24 0 17 15 11 21 32 110 50 15 29 18 38 27 278 26 29 48 22 47 31 15 40 47 14 19 41 12 17 38 33
 14 28 13 18 24 12 22 15 17 19 20 20 20 17 13 12 11 19 15 9 17 0 8 4 15 27 102 42 9 22 12 33 21 273 20 22 42 15 39 25 9 33 42 7 14 36 7 9 32 27
 10 19 9 12 19 7 17 11 12 15 15 16 16 12 8 7 7 15 12 5 15 8 0 3 13 25 101 40 7 19 10 31 19 271 18 19 40 13 37 24 7 32 40 6 12 34 6 8 30 25
 6 16 6 10 16 4 14 7 11 11 15 12 12 11 5 4 4 11 8 2 11 4 3 0 12 24 99 39 6 18 9 30 18 270 17 18 39 12 36 23 6 30 39 5 11 33 5 6 29 24
 17 26 17 22 25 15 21 18 22 24 25 24 23 21 15 15 15 24 19 12 21 15 13 12 0 29 104 44 11 23 14 34 23 274 20 22 44 16 40 26 10 34 43 9 14 38 8 11 33 28
 29 42 29 33 35 26 37 29 34 37 36 36 36 32 28 26 27 34 30 24 32 27 25 24 29 0 107 47 14 28 17 41 28 278 24 29 49 23 46 32 17 39 48 15 20 41 12 17 38 33
 104 115 103 108 113 102 111 106 110 111 112 111 111 106 103 102 101 109 106 99 110 102 101 99 104 107 0 81 45 60 48 66 57 309 62 54 78 45 72 55 45 76 72 47 46 72 47 39 68 60
 45 54 43 48 53 42 52 46 47 52 52 52 51 46 42 41 41 50 47 39 50 42 40 39 44 47 81 0 19 36 22 46 33 285 30 36 52 30 54 36 20 48 55 22 27 47 20 22 45 38
 10 24 10 15 19 9 17 12 16 18 17 17 17 15 9 9 8 18 12 6 15 9 7 6 11 14 45 19 0 20 11 32 20 272 19 20 41 14 38 24 8 32 41 7 12 35 7 8 30 26
 22 36 22 27 33 21 29 24 27 30 30 28 28 26 22 21 20 27 25 18 29 22 19 18 23 28 60 36 20 0 15 38 25 276 24 25 45 20 42 29 13 38 46 12 16 41 10 14 35 31
 14 28 13 16 21 12 18 14 20 21 21 20 19 18 12 11 12 19 16 9 18 12 10 9 14 17 48 22 11 15 0 33 22 273 20 21 43 16 39 26 9 33 43 8 13 36 8 9 32 27
 34 44 34 39 44 33 39 35 38 40 40 40 43 38 34 33 32 40 37 30 38 33 31 30 34 41 66 46 32 38 33 0 29 282 28 28 51 24 48 35 18 42 51 14 24 45 16 17 41 37
 23 34 23 28 32 21 29 25 28 30 30 30 28 25 21 21 20 27 26 18 27 21 19 18 23 28 57 33 20 25 22 29 0 276 22 25 46 19 44 30 13 38 46 11 16 41 12 12 36 30
 275 286 275 277 281 273 281 277 278 280 281 282 280 277 274 273 273 280 276 270 278 273 271 270 274 278 309 285 272 276 273 282 276 0 142 143 147 102 144 148 96 155 155 112 118 141 103 131 127 123
 22 34 20 26 28 19 28 23 26 29 28 27 27 25 20 19 19 26 22 17 26 20 18 17 20 24 62 30 19 24 20 28 22 142 0 25 44 19 43 29 13 37 45 10 16 39 10 13 35 31
 23 33 23 26 30 20 29 25 26 28 29 30 30 27 22 20 20 29 24 18 29 22 19 18 22 29 54 36 20 25 21 28 25 143 25 0 46 20 43 30 13 38 45 12 18 40 12 13 36 31
 45 58 43 46 51 42 48 46 50 50 49 51 49 46 43 41 42 49 45 39 48 42 40 39 44 49 78 52 41 45 43 51 46 147 44 46 0 27 54 36 21 45 53 20 24 51 22 24 41 42
 18 27 17 21 25 14 25 19 23 24 23 24 24 21 16 14 14 21 18 12 22 15 13 12 16 23 45 30 14 20 16 24 19 102 19 20 27 0 40 28 11 35 43 8 16 38 9 10 32 29
 40 54 41 46 51 39 48 41 47 47 46 49 49 43 39 39 38 45 42 36 47 39 37 36 40 46 72 54 38 42 39 48 44 144 43 43 54 40 0 39 21 42 52 17 24 49 18 18 44 37
 27 39 26 31 35 25 32 28 30 32 32 35 33 29 26 25 25 32 30 23 31 25 24 23 26 32 55 36 24 29 26 35 30 148 29 30 36 28 39 0 15 39 48 14 20 41 12 13 36 31
 12 20 10 13 17 8 19 13 14 18 17 18 16 15 9 8 9 17 13 6 15 9 7 6 10 17 45 20 8 13 9 18 13 96 13 13 21 11 21 15 0 32 41 6 12 35 7 8 30 26
 36 45 35 40 45 32 39 37 40 40 42 42 43 37 33 33 33 39 36 30 40 33 32 30 34 39 76 48 32 38 33 42 38 155 37 38 45 35 42 39 32 0 50 14 20 45 14 16 38 34
 43 57 43 49 51 41 51 46 47 52 49 52 50 48 42 42 42 48 45 39 47 42 40 39 43 48 72 55 41 46 43 51 46 155 45 45 53 43 52 48 41 50 0 18 26 51 20 21 45 38
 9 18 10 12 16 7 16 10 14 15 16 17 15 13 8 7 7 13 12 5 14 7 6 5 9 15 47 22 7 12 8 14 11 112 10 12 20 8 17 14 6 14 18 0 12 35 6 7 30 25
 16 28 14 19 24 13 21 17 20 23 23 20 20 18 15 13 13 20 17 11 19 14 12 11 14 20 46 27 12 16 13 24 16 118 16 18 24 16 24 20 12 20 26 12 0 36 9 9 33 27
 39 49 38 41 46 35 45 39 41 43 45 45 46 41 36 35 35 42 39 33 41 36 34 33 38 41 72 47 35 41 36 45 41 141 39 40 51 38 49 41 35 45 51 35 36 0 16 18 39 37
 9 24 9 14 16 7 14 11 14 18 18 16 18 13 9 7 7 13 12 5 12 7 6 5 8 12 47 20 7 10 8 16 12 103 10 12 22 9 18 12 7 14 20 6 9 16 0 8 30 25
 12 20 10 14 17 9 16 12 14 19 17 16 18 15 10 8 8 18 13 6 17 9 8 6 11 17 39 22 8 14 9 17 12 131 13 13 24 10 18 13 8 16 21 7 9 18 8 0 31 26
 33 48 34 36 40 31 41 35 36 38 41 42 42 36 33 31 31 39 36 29 38 32 30 29 33 38 68 45 30 35 32 41 36 127 35 36 41 32 44 36 30 38 45 30 33 39 30 31 0 34
 29 39 28 34 37 26 33 30 35 36 34 36 36 33 27 27 27 33 31 24 33 27 25 24 28 33 60 38 26 31 27 37 30 123 31 31 42 29 37 31 26 34 38 25 27 37 25 26 34 0

 0 9 11 16 7 12 15 17 15 11 16 14 15 17 6 15 12 7 15 15 13 10 13 6 10 8 13 16 15 4 17 15 7 6 10 12 15 6 12 17 17 10 17 15 11 4 12 13 15 6
 7 0 14 18 9 13 16 17 17 11 19 14 17 18 7 17 14 9 16 16 17 13 15 8 13 10 17 17 16 7 18 18 9 7 11 14 16 8 15 19 19 13 18 16 12 6 14 16 18 7
 7 10 0 18 9 14 16 18 19 14 20 18 19 20 8 18 14 10 17 18 17 14 14 7 15 9 15 19 18 6 19 17 10 8 13 15 18 7 14 19 19 12 20 16 12 7 15 16 19 10
 10 13 18 0 13 18 22 20 21 15 23 20 21 23 13 19 19 12 19 23 18 17 19 13 18 12 20 21 19 10 20 19 12 12 15 16 22 9 18 20 24 15 23 18 17 12 16 18 21 9
 6 9 11 16 0 12 14 17 15 10 17 15 16 17 6 15 13 7 16 15 14 11 12 7 11 7 14 16 16 4 18 15 8 6 11 13 16 5 13 16 17 11 16 16 10 5 12 14 15 6
 9 12 14 19 11 0 18 18 20 13 19 16 18 20 11 20 14 10 17 19 15 12 16 10 13 11 19 17 18 6 19 19 10 10 12 14 17 7 16 21 20 14 21 18 14 7 14 16 18 8
 9 12 15 22 10 18 0 22 21 13 20 19 21 21 11 20 17 10 19 21 16 13 16 8 15 10 16 19 19 8 19 20 10 9 13 16 21 11 18 21 21 15 21 20 17 7 17 20 18 8
 11 14 17 20 10 19 18 0 19 14 23 20 22 21 13 20 16 10 22 22 19 14 19 14 18 12 20 22 22 11 20 21 14 13 17 20 22 13 15 23 23 17 21 19 18 11 19 19 19 12
 12 14 15 23 9 18 19 22 0 16 20 16 22 24 9 18 15 11 19 20 16 17 15 9 15 12 19 22 18 11 20 18 11 9 15 15 18 11 15 20 22 16 23 18 16 10 19 17 18 12
 8 10 12 20 9 14 15 20 19 0 21 18 17 18 7 17 15 9 18 18 18 13 13 8 14 10 17 17 18 7 20 19 11 10 14 13 18 7 14 18 19 13 18 18 13 8 13 16 17 10
 12 13 16 24 13 19 20 21 19 15 0 20 21 24 12 19 17 13 22 21 17 17 16 12 17 13 20 20 21 13 20 22 13 10 14 16 22 9 15 21 24 17 25 22 17 11 19 20 22 12
 9 15 15 21 9 14 17 22 17 13 23 0 21 19 10 20 14 9 18 21 16 17 16 10 13 12 17 19 20 7 19 17 11 10 16 16 21 9 16 20 20 15 23 17 14 10 17 18 20 12
 11 12 13 19 9 19 16 23 19 16 19 20 0 19 10 18 19 12 18 18 18 17 17 13 14 13 19 21 20 8 20 22 13 11 15 16 22 12 16 19 20 15 20 18 14 7 17 20 22 9
 12 17 15 23 12 18 17 23 18 15 23 20 18 0 9 21 19 13 23 22 19 14 18 14 18 14 18 19 19 11 25 21 16 10 16 20 23 11 19 23 21 16 24 22 15 11 16 19 21 11
 7 9 11 17 6 13 15 17 16 11 17 15 15 16 0 15 12 7 16 15 14 10 12 7 11 8 14 15 15 4 18 15 8 6 11 12 16 5 12 17 16 10 17 16 10 4 12 13 16 7
 9 16 15 21 9 17 17 21 18 17 21 18 20 20 11 0 18 12 21 21 20 15 17 11 14 14 16 18 18 10 21 20 10 9 14 17 22 7 16 23 21 16 19 18 15 7 17 17 19 10
 8 12 13 18 10 16 16 18 17 12 21 17 20 20 10 19 0 10 17 17 15 13 16 9 15 9 16 20 19 8 21 18 10 11 14 14 18 9 14 20 21 12 22 19 14 6 16 15 20 9
 6 9 11 17 7 12 13 16 16 10 17 14 15 17 6 16 12 0 15 15 13 11 12 6 11 8 13 15 15 4 17 15 7 7 11 12 16 4 12 16 17 10 17 15 11 5 12 14 15 7
 12 15 14 19 9 19 18 19 22 16 24 16 19 22 10 22 16 13 0 19 18 15 19 9 13 14 16 19 18 12 20 22 12 11 15 18 22 11 16 24 22 17 22 19 13 11 18 19 22 9
 11 14 13 23 13 16 19 22 22 14 19 16 22 22 9 21 17 11 20 0 16 17 15 11 13 12 17 20 20 9 24 19 11 13 13 16 19 12 18 24 20 17 20 18 16 12 15 16 21 12
 11 12 16 21 10 15 18 20 21 16 20 16 20 19 11 18 17 9 21 19 0 15 14 12 17 13 17 17 17 7 21 17 10 8 17 16 21 9 14 20 20 15 21 18 15 9 17 20 19 10
 7 11 14 21 9 13 17 18 17 13 20 15 19 18 9 16 13 7 17 19 17 0 16 8 13 12 15 18 17 6 18 19 10 8 14 16 17 8 14 21 19 14 19 18 15 8 13 17 19 9
 8 11 16 18 8 16 15 20 18 14 21 16 19 19 10 20 15 11 18 18 19 14 0 8 13 10 15 19 17 9 19 17 10 10 13 17 18 7 17 21 18 15 20 20 13 9 17 15 19 10
 7 9 11 16 6 13 15 16 15 10 18 14 15 16 6 15 13 7 15 15 13 10 13 0 12 7 13 15 15 5 18 16 7 7 11 12 16 4 12 17 16 10 17 15 11 5 13 14 15 7
 10 12 14 19 8 15 17 21 19 12 21 17 18 20 9 19 14 9 18 18 17 12 14 8 0 9 17 19 19 6 21 16 9 8 12 15 19 6 15 18 19 12 19 17 13 7 15 15 18 8
 6 11 13 19 7 12 14 18 17 11 18 14 17 17 8 16 13 6 16 16 14 11 12 8 12 0 14 16 16 7 17 17 8 8 11 12 16 5 13 17 17 11 17 17 11 6 14 15 15 7
 12 12 14 20 10 15 17 21 21 13 19 20 19 22 10 21 16 11 21 18 20 17 17 10 16 10 0 17 17 10 19 18 12 11 14 16 20 9 15 19 23 16 21 20 16 10 16 17 17 12
 9 15 17 21 9 16 21 22 22 14 20 19 18 19 9 20 18 11 18 20 21 14 18 12 17 10 19 0 18 12 19 20 12 9 16 17 22 7 17 22 20 17 23 20 17 12 18 16 18 9
 12 12 16 19 11 18 17 23 19 14 20 20 18 23 13 20 16 13 20 18 17 14 19 13 16 11 18 20 0 9 19 22 12 11 14 16 21 9 17 24 24 17 19 18 15 12 17 17 21 10
 6 9 10 16 6 11 13 16 14 10 16 13 14 17 5 15 11 6 15 15 13 10 12 5 10 7 13 15 14 0 16 15 7 5 10 12 14 4 11 16 16 10 16 14 10 4 12 13 15 5
 13 17 17 21 13 17 17 20 19 16 23 20 18 22 13 22 15 12 23 18 22 15 15 14 17 14 18 21 22 10 0 21 12 12 15 15 21 11 16 23 25 15 20 21 14 11 15 20 22 14
 9 12 14 21 9 15 19 23 20 15 21 16 20 19 9 21 15 12 18 18 20 13 15 10 14 15 20 20 22 7 19 0 14 11 15 15 22 12 17 20 20 17 22 21 18 9 17 16 19 12
 8 9 12 17 7 14 15 18 16 11 18 15 17 17 7 16 12 7 15 16 15 12 13 7 11 9 14 16 16 5 17 17 0 7 12 14 16 6 14 17 18 12 19 16 12 7 14 15 16 7
 6 10 10 18 6 12 14 17 16 11 17 13 15 16 6 15 12 7 16 15 14 11 13 6 11 8 14 16 16 6 16 16 9 0 11 12 16 5 12 17 16 10 16 16 10 4 12 14 15 7
 10 12 12 19 9 13 17 18 18 13 18 16 18 18 10 17 15 7 19 19 17 12 13 9 12 10 16 18 18 9 18 16 9 7 0 13 18 7 13 20 18 13 21 18 13 8 14 15 17 8
 10 11 13 18 9 16 18 20 17 13 18 16 17 19 9 19 16 10 19 17 19 13 16 8 13 13 15 17 17 8 21 18 10 8 12 0 17 6 16 20 22 15 21 17 14 7 14 18 18 8
 12 13 13 23 9 19 21 23 18 14 19 18 22 19 13 19 18 13 18 20 16 14 17 9 17 14 20 22 22 10 22 21 12 10 14 16 0 11 17 24 19 14 21 22 17 8 16 18 19 9
 6 9 10 16 6 11 13 16 15 10 16 13 15 16 6 15 12 6 15 15 13 11 12 6 11 7 13 15 15 4 16 14 7 6 10 12 14 0 11 16 16 10 16 14 10 5 12 13 15 6
 9 12 13 20 9 17 15 20 18 14 20 19 18 18 8 19 16 8 19 18 19 16 16 10 16 9 17 17 20 9 19 19 11 9 15 17 17 8 0 20 21 13 18 19 12 9 14 17 17 11
 10 16 16 20 10 16 17 23 21 18 20 20 22 22 11 21 19 13 18 22 19 15 20 12 17 11 20 19 22 12 21 23 12 13 17 18 19 9 18 0 20 19 23 20 15 8 16 21 22 11
 10 12 17 22 13 19 18 22 19 17 20 20 21 23 12 23 18 10 19 22 20 15 16 12 14 14 20 19 19 11 21 22 11 13 15 19 19 13 19 23 0 15 21 19 17 11 16 17 21 9
 9 13 12 19 9 15 18 20 18 12 19 16 16 18 9 19 13 7 17 16 17 14 15 9 12 10 17 18 16 6 18 16 9 8 14 15 17 7 14 19 21 0 20 19 13 6 15 15 19 8
 14 13 15 21 10 20 18 20 23 15 21 20 19 23 11 20 19 13 23 21 21 19 18 14 17 11 20 18 23 11 23 22 14 12 14 17 21 11 20 21 21 17 0 23 15 11 19 18 20 10
 10 16 14 19 9 17 17 23 18 14 21 19 18 19 10 20 19 11 21 20 20 14 19 10 14 10 18 19 22 9 21 20 12 10 16 19 20 12 18 20 22 17 20 0 17 7 15 19 21 10
 10 12 13 20 8 13 17 18 18 14 21 15 19 18 10 17 14 8 16 18 16 15 13 7 13 9 15 17 18 7 20 17 11 8 14 16 18 8 16 18 19 14 19 19 0 8 14 15 18 9
 6 8 10 16 6 12 13 16 15 10 17 13 14 16 5 15 12 6 15 15 13 10 12 6 11 7 13 14 14 4 16 14 7 5 10 11 15 4 11 16 16 10 16 15 10 0 12 13 15 5
 10 12 14 18 8 16 17 18 18 12 19 17 18 19 11 20 15 10 20 18 16 12 15 8 13 11 16 19 18 6 20 18 13 8 14 16 17 8 17 18 20 13 20 18 14 10 0 17 17 10
 10 12 13 19 8 16 17 21 17 17 22 19 20 20 10 21 15 10 21 21 16 14 18 11 13 10 19 20 18 10 21 18 11 12 14 18 21 7 15 19 19 17 19 19 15 7 14 0 19 10
 13 16 13 21 12 16 19 23 18 14 24 16 19 19 12 22 17 11 22 22 16 17 18 9 15 14 18 20 20 11 22 18 10 11 17 18 19 10 17 23 22 14 24 20 17 7 18 17 0 13
 7 10 10 17 7 12 14 17 15 11 16 14 15 17 7 16 13 6 15 15 14 11 12 6 11 9 14 15 15 6 16 16 8 6 11 12 16 5 13 17 17 11 17 15 11 4 12 14 15 0

 0 18 19 13 19 15 21 9 12 16 20 16 15 14 19 21 15 15 13 15 21 9 17 16 14 17 11 14 16 18 19 10 16 21 14 15 9 19 17 17 16 11 12 12 18 18 15 18 13 16
 18 0 17 15 17 17 19 12 11 16 20 17 15 18 18 21 14 17 13 14 21 12 16 16 16 14 11 15 20 18 20 10 17 22 14 15 9 21 21 14 16 12 10 11 18 18 16 19 16 17
 20 17 0 15 18 17 20 12 10 18 20 18 16 18 16 20 15 17 15 15 22 9 16 17 16 13 14 11 16 19 17 12 14 22 11 15 11 17 20 14 18 11 11 13 16 19 13 21 13 16
 17 18 15 0 17 12 19 10 9 14 17 15 13 14 15 18 15 15 12 12 19 10 15 15 14 12 9 11 15 17 16 10 12 20 12 14 8 18 19 13 17 10 7 11 15 18 12 18 13 12
 18 18 19 15 0 16 20 12 10 16 19 19 16 16 18 19 17 17 13 17 20 11 20 17 13 14 13 13 20 20 16 11 13 21 12 15 10 17 19 13 16 11 10 11 19 20 14 19 13 17
 17 16 17 14 15 0 20 9 9 13 18 16 14 16 15 19 16 16 12 14 18 10 15 13 12 12 10 13 16 18 15 9 12 20 11 14 7 17 18 12 16 11 8 9 17 18 12 18 12 13
 20 22 21 18 20 18 0 13 12 16 18 17 18 19 17 20 20 16 17 15 23 13 21 15 17 19 14 16 21 19 18 13 15 25 15 19 13 22 19 15 20 11 13 14 21 19 15 22 15 14
 13 14 13 11 14 10 17 0 7 13 15 14 12 12 15 17 12 12 11 10 16 6 13 12 10 10 8 9 13 15 14 6 11 18 10 12 6 16 16 10 13 7 7 8 14 15 11 16 11 10
 15 14 15 13 14 11 17 7 0 13 17 14 14 14 14 18 12 12 11 12 18 7 15 12 11 12 9 10 15 16 14 8 12 17 10 12 8 16 16 11 15 9 7 8 15 16 11 17 11 11
 17 17 17 12 15 16 22 8 12 0 19 18 17 17 17 19 16 14 12 14 19 10 17 16 12 13 11 11 16 18 15 8 12 18 12 17 10 20 17 16 18 10 8 9 16 19 12 20 14 14
 18 16 19 17 21 17 24 9 14 17 0 18 15 16 20 19 18 16 18 18 19 10 17 15 14 17 13 16 17 22 20 12 16 19 13 17 9 21 22 16 16 12 13 15 16 19 16 22 13 16
 17 16 17 17 18 15 19 12 11 17 21 0 18 16 16 21 14 15 17 17 19 11 16 16 13 16 10 13 17 19 16 12 16 22 12 16 10 19 19 13 19 13 9 10 18 20 13 17 14 15
 16 16 16 12 16 14 21 11 10 15 20 15 0 14 16 19 14 16 12 14 18 9 16 14 16 12 12 11 17 20 18 9 13 18 14 16 9 17 17 14 17 9 8 13 16 20 13 20 15 13
 19 18 17 13 16 12 20 8 11 14 18 19 17 0 16 18 15 14 13 13 18 10 17 17 14 14 11 14 18 20 16 8 14 19 14 14 10 18 17 14 17 11 11 12 15 19 16 17 14 12
 18 18 18 13 18 15 20 10 12 16 19 18 18 14 0 23 18 15 16 16 22 10 17 16 13 15 13 14 16 19 18 10 13 21 14 18 10 20 21 13 18 10 8 14 16 21 15 19 13 15
 17 20 20 16 20 17 20 12 13 18 22 20 17 18 18 0 16 19 19 15 20 10 22 19 15 15 12 13 20 21 20 11 14 20 15 18 11 19 19 17 20 11 10 16 18 22 15 22 14 19
 17 17 17 14 18 12 19 8 10 15 19 16 17 14 17 20 0 15 12 14 20 8 17 15 16 13 11 13 17 18 15 10 13 20 13 17 8 18 18 14 17 11 10 11 15 19 13 20 14 13
 15 15 18 13 17 12 20 11 11 15 18 15 14 14 16 18 15 0 13 12 20 10 15 17 14 13 13 12 16 17 15 10 13 19 11 14 11 17 20 13 16 9 9 11 15 19 15 18 12 12
 16 17 16 13 16 12 20 8 10 15 18 15 16 15 15 18 14 15 0 12 18 8 15 14 12 12 10 10 16 19 16 10 12 19 13 14 9 18 19 13 17 10 9 9 18 16 13 18 12 12
 17 15 15 12 18 14 20 10 9 15 17 17 15 14 18 20 13 16 12 0 21 7 15 14 13 13 9 10 15 16 17 7 14 20 12 16 7 18 17 14 17 9 9 11 16 18 12 17 12 12
 20 19 17 17 21 17 23 10 11 16 23 22 19 15 20 23 20 18 15 14 0 10 17 17 15 15 12 13 17 21 18 13 14 23 13 16 10 19 19 16 20 15 11 14 18 23 15 19 19 14
 13 14 13 10 14 10 17 6 8 12 16 14 12 12 13 17 12 13 11 11 17 0 13 12 11 10 8 9 13 15 14 6 10 16 10 12 6 15 16 10 14 7 6 7 14 16 10 15 11 11
 19 16 20 14 17 15 20 10 12 18 21 17 18 17 18 21 16 15 17 13 19 11 0 14 13 15 12 15 18 17 16 9 16 19 15 17 10 20 20 16 16 12 12 10 16 21 14 19 14 15
 18 17 18 13 15 15 20 9 10 15 17 17 15 14 17 20 14 16 13 12 21 11 15 0 15 16 10 13 16 17 19 10 12 21 11 14 8 18 20 13 16 10 11 11 18 19 14 19 15 15
 16 15 15 13 15 15 18 7 9 15 16 16 16 15 15 18 13 15 12 14 19 9 18 16 0 13 11 11 16 19 15 9 14 18 10 13 9 17 16 15 17 9 7 11 15 18 12 17 15 12
 16 15 16 14 17 12 20 9 10 13 19 17 13 14 17 20 15 14 12 13 19 7 18 13 13 0 9 10 16 18 16 8 12 20 11 15 9 18 19 14 16 11 9 9 15 16 14 18 12 15
 16 14 14 12 15 11 18 7 9 13 15 15 12 12 14 18 13 13 11 11 18 6 15 13 12 13 0 10 16 17 14 7 12 17 9 12 6 16 15 12 14 9 7 8 15 17 11 15 12 13
 17 14 16 13 16 13 19 7 9 14 18 16 14 13 15 18 13 14 11 13 19 8 16 15 12 13 10 0 16 17 16 8 12 17 10 13 8 16 16 13 16 10 7 8 15 16 12 17 12 12
 17 19 19 15 18 13 21 11 10 17 21 17 14 18 16 20 14 18 15 15 23 9 17 18 17 15 14 12 0 18 19 8 14 21 14 18 11 18 18 15 17 10 8 10 18 19 16 19 16 15
 19 20 16 13 17 13 20 9 14 19 22 20 17 19 16 21 15 18 14 16 22 12 20 17 13 13 13 12 18 0 18 12 14 21 12 18 9 19 20 14 16 14 13 14 18 22 15 18 16 16
 18 18 18 13 19 17 23 8 12 14 17 19 16 14 20 21 16 15 14 14 20 9 17 14 15 16 10 13 19 18 0 9 14 23 14 15 9 17 19 17 16 10 11 10 17 19 15 19 13 13
 14 14 14 10 14 11 18 6 7 13 16 13 12 12 15 16 13 12 11 10 17 7 14 12 11 10 8 9 14 15 14 0 11 17 9 12 6 15 15 11 13 8 7 7 14 16 11 16 10 11
 17 18 16 13 16 14 20 8 12 13 19 17 15 14 15 19 14 14 13 15 18 9 16 15 12 14 9 11 15 19 15 8 0 18 12 15 9 18 19 14 15 9 9 9 15 18 12 18 15 14
 18 17 18 19 17 17 23 12 14 16 18 22 15 16 20 21 16 16 15 14 21 10 20 15 15 14 11 13 20 19 18 13 17 0 14 16 10 19 18 17 21 11 10 11 20 21 14 19 17 18
 16 15 15 13 16 13 19 8 8 15 18 14 13 13 15 18 15 14 12 11 19 8 16 14 12 12 9 12 16 17 16 9 13 19 0 13 7 18 17 12 16 10 7 9 15 17 11 16 14 13
 16 17 16 13 16 12 20 10 10 15 19 18 15 17 15 18 15 14 13 14 19 10 18 16 15 15 12 12 16 19 17 10 16 22 11 0 9 19 18 13 16 9 10 12 15 19 12 19 15 14
 14 14 13 11 13 11 17 7 9 13 16 14 12 13 13 18 12 12 11 10 18 6 14 13 10 11 8 10 14 15 14 6 10 17 9 12 0 15 15 11 14 8 7 7 14 15 12 15 11 11
 19 17 17 13 18 13 19 12 13 17 19 17 16 15 20 20 19 18 14 13 20 10 18 16 18 17 14 16 20 20 18 11 16 20 14 16 9 0 21 13 20 12 13 11 16 18 18 21 15 16
 16 16 19 16 20 16 21 12 15 16 22 19 18 16 20 21 17 19 15 17 20 9 18 18 17 17 10 15 16 22 21 10 15 22 12 15 11 18 0 17 18 12 12 14 19 21 13 21 17 17
 15 15 16 12 15 13 18 8 11 16 16 16 15 14 16 20 15 15 12 12 18 8 17 14 12 14 10 11 15 19 16 8 13 20 13 14 9 16 18 0 17 10 9 9 16 19 15 18 13 14
 20 20 18 16 17 16 23 12 13 18 19 19 16 15 19 19 17 17 13 15 20 12 17 14 14 14 12 13 18 21 19 8 15 19 15 15 8 18 20 13 0 10 11 12 18 19 13 21 17 13
 14 15 14 11 14 12 17 7 8 14 17 15 13 12 15 18 12 13 11 11 18 6 15 13 11 11 10 10 15 15 14 6 11 17 11 14 6 15 17 12 15 0 7 9 14 15 12 17 11 12
 13 14 14 10 13 11 18 6 9 13 16 14 13 12 14 17 13 12 10 10 17 7 15 12 11 10 7 9 13 15 14 6 12 17 9 13 6 16 15 11 13 9 0 9 13 15 11 15 10 12
 14 14 15 12 15 12 18 6 8 13 16 15 14 12 15 18 12 13 12 11 18 6 14 14 11 11 8 9 15 16 15 8 13 17 9 13 6 15 16 11 15 9 7 0 14 16 11 15 12 11
 17 20 20 16 18 15 19 11 13 17 17 20 14 15 20 19 18 14 15 15 21 12 17 16 15 16 13 12 17 19 16 11 16 22 14 16 12 21 21 13 16 11 12 12 0 17 13 19 13 14
 16 16 18 16 17 14 22 9 14 17 18 16 17 18 16 22 17 19 18 15 24 9 18 16 15 13 14 16 21 18 19 9 15 24 12 15 13 18 20 14 19 13 13 11 17 0 17 20 16 17
 15 18 15 14 17 14 18 8 11 16 17 17 14 15 17 19 14 15 14 14 18 8 15 14 12 14 10 11 18 16 16 7 13 20 12 14 9 18 18 14 15 11 9 9 16 16 0 19 13 15
 21 16 20 16 16 13 21 13 13 16 18 20 15 17 16 23 15 15 18 17 23 10 20 16 17 13 11 15 18 18 20 12 16 23 12 18 13 21 21 13 16 13 12 10 21 20 15 0 15 13
 17 17 18 13 17 13 18 7 9 14 17 16 13 13 16 19 16 14 12 12 19 7 15 13 12 13 9 13 17 18 15 10 14 21 12 14 8 17 16 14 17 10 7 10 16 19 12 19 0 14
 17 15 17 15 17 14 18 10 11 13 16 18 15 16 17 20 15 13 12 14 19 7 15 14 15 13 11 13 17 18 15 10 12 21 12 15 9 18 16 12 18 10 10 9 18 18 13 17 12 0

 0 8 10 13 18 16 11 11 13 9 18 14 7 18 17 15 12 9 20 17 15 11 10 17 18 6 15 9 11 14 12 18 20 13 17 18 18 17 15 16 14 15 7 9 8 20 15 17 7 13
 11 0 8 9 17 15 8 8 13 8 14 11 5 14 15 12 11 9 16 15 12 9 7 15 16 5 14 7 9 10 11 18 17 11 13 16 15 14 13 12 10 10 5 8 7 16 12 15 6 11
 12 7 0 11 18 16 9 10 14 8 15 11 6 14 16 13 11 9 18 14 13 11 7 17 17 6 15 10 11 12 11 19 18 12 15 16 15 14 15 14 12 12 5 8 8 18 14 16 7 12
 13 7 10 0 17 16 9 9 13 9 14 13 8 15 16 13 12 9 19 15 15 12 8 17 18 7 15 8 10 12 12 18 19 13 15 16 17 15 15 14 12 12 6 8 7 17 14 16 7 12
 16 12 16 14 0 20 12 12 17 11 18 18 11 19 21 18 17 16 21 20 18 13 11 22 20 11 17 14 15 14 15 22 20 17 22 22 18 20 18 15 17 19 9 14 14 23 20 20 10 17
 17 12 12 14 23 0 14 12 19 14 19 16 7 20 19 19 13 10 21 17 18 15 10 18 23 8 21 11 15 16 15 20 21 18 17 18 18 20 18 16 14 14 9 15 13 19 18 18 12 16
 12 7 9 11 17 15 0 9 14 9 15 12 5 16 17 14 11 8 17 14 14 11 7 16 18 5 14 9 10 12 12 17 17 12 14 15 17 15 14 12 12 12 6 9 8 18 14 15 7 11
 12 6 8 10 17 16 8 0 13 8 14 11 5 14 17 14 12 8 18 15 13 11 6 16 18 5 15 9 11 12 12 17 17 12 15 16 15 15 14 14 11 11 6 8 7 19 12 17 8 12
 13 10 9 14 21 19 9 10 0 10 15 14 8 16 18 15 13 12 18 17 15 11 9 19 19 8 18 12 12 15 13 21 18 15 18 19 19 15 17 16 12 14 7 10 8 21 16 17 10 15
 12 7 8 11 18 15 8 8 13 0 15 11 6 14 17 12 11 9 18 15 12 11 7 16 18 6 15 8 10 12 11 17 18 12 15 16 16 15 14 12 12 11 5 9 7 18 14 16 6 12
 14 10 11 12 19 20 13 13 16 12 0 13 8 18 17 17 14 12 19 16 14 15 11 17 19 7 19 12 13 16 13 22 20 15 18 17 19 18 17 17 13 15 11 13 10 20 17 20 12 16
 12 8 10 10 21 18 9 9 15 10 17 0 7 15 16 14 13 9 19 15 16 10 10 19 18 7 17 9 10 13 14 20 18 12 16 17 18 18 16 16 12 14 6 11 7 19 16 17 9 13
 10 5 7 9 17 14 7 7 11 7 13 10 0 14 15 12 10 7 16 13 12 9 6 14 16 4 13 8 9 10 10 16 16 10 13 14 14 14 13 12 10 10 4 7 6 17 11 15 6 10
 13 10 10 14 19 17 13 14 15 10 18 13 10 0 20 16 13 12 23 20 14 11 8 19 21 10 18 11 13 13 15 21 21 13 16 19 21 16 16 14 13 15 9 13 11 21 17 19 12 16
 17 12 12 16 20 20 13 11 17 14 18 14 8 17 0 16 13 10 24 20 15 16 12 18 21 9 20 15 14 16 16 24 24 13 20 22 21 20 18 15 15 17 11 11 10 20 17 19 13 13
 13 9 11 13 20 18 13 9 15 13 18 16 8 19 20 0 13 10 18 15 17 11 10 17 20 7 15 10 13 15 14 19 19 13 17 17 17 16 19 17 14 12 7 9 10 19 15 19 11 12
 12 8 10 10 18 17 11 11 15 9 17 14 9 18 17 15 0 9 21 17 13 12 8 17 19 6 16 10 11 12 12 19 20 14 15 17 16 15 17 15 13 14 7 11 7 19 13 17 10 12
 11 7 8 9 17 15 9 8 13 8 14 11 5 15 16 13 11 0 18 15 14 11 7 15 18 6 14 10 9 11 11 17 17 12 15 17 15 15 14 12 13 11 7 10 6 19 12 15 7 11
 14 13 13 15 25 23 12 14 19 12 18 19 11 17 22 17 17 12 0 18 16 12 9 19 22 11 20 16 16 16 15 24 23 15 18 21 21 18 18 20 16 16 12 14 10 22 19 21 10 19
 15 8 12 14 21 21 12 10 16 11 16 16 8 19 18 17 13 10 21 0 15 12 10 21 21 7 19 12 13 16 15 20 21 17 18 21 21 18 17 15 13 14 7 12 10 19 16 19 11 15
 16 10 12 12 21 17 9 10 15 12 16 14 6 15 18 15 14 10 19 19 0 13 11 17 19 6 16 10 13 14 14 20 20 12 19 17 20 18 17 16 12 12 6 11 9 20 16 20 9 13
 11 8 8 10 19 17 10 9 13 8 15 11 6 14 16 13 13 9 18 15 14 0 9 17 18 7 14 10 10 11 11 18 17 12 15 17 16 14 15 15 13 12 7 10 7 18 13 17 8 12
 10 7 7 9 18 15 7 8 12 8 15 11 5 13 16 12 11 8 17 13 12 9 0 15 17 4 14 7 9 10 10 16 18 10 14 15 15 14 15 12 11 10 4 8 6 16 13 16 7 10
 18 12 13 12 21 20 12 11 19 11 20 15 9 18 19 18 18 13 19 17 15 13 9 0 19 10 16 15 12 14 17 23 22 17 18 22 20 18 21 19 14 17 12 13 13 23 18 21 10 15
 16 10 11 15 20 18 12 12 15 12 20 14 13 20 22 16 17 16 23 19 18 15 13 18 0 9 22 12 15 17 15 24 21 17 20 22 19 20 18 18 15 15 9 16 10 20 16 23 13 17
 10 6 7 9 16 15 7 7 11 7 13 10 4 13 14 12 10 7 16 13 12 9 5 15 16 0 13 7 8 10 10 16 16 10 14 14 15 13 14 12 10 10 4 7 5 16 11 14 6 10
 17 11 12 12 20 19 11 10 17 12 16 16 9 19 19 18 14 10 21 17 17 13 10 21 23 9 0 13 13 15 14 20 21 13 17 19 18 16 19 16 16 16 8 10 8 22 15 21 9 17
 11 7 8 9 18 15 10 8 13 10 16 11 6 15 17 14 11 8 19 15 14 11 6 16 18 6 16 0 10 11 12 17 17 11 15 16 16 14 14 13 12 13 5 8 7 18 13 17 7 12
 12 8 8 10 17 16 9 10 13 11 16 12 6 15 18 14 14 9 18 15 13 11 8 17 19 5 15 8 0 13 11 18 17 12 15 18 16 16 15 14 13 12 6 10 9 18 13 17 8 12
 12 9 9 10 20 16 9 9 14 10 17 12 8 17 17 15 14 10 18 16 13 12 8 18 19 8 18 9 11 0 12 20 21 14 17 17 19 15 15 15 15 15 8 12 8 19 15 18 10 13
 13 10 9 11 18 18 9 11 16 10 15 14 6 17 19 16 13 11 19 15 13 13 8 18 21 9 15 12 12 12 0 18 21 12 18 17 17 16 15 13 14 12 6 10 9 21 15 17 9 14
 14 13 11 14 23 21 11 12 16 12 18 17 12 18 21 20 14 11 21 17 18 13 10 19 20 8 20 14 13 17 17 0 20 17 20 18 23 22 21 16 16 15 11 12 9 23 16 21 14 17
 14 13 12 14 25 19 16 12 15 12 20 15 8 17 22 19 15 14 23 18 16 14 9 19 23 11 21 12 16 15 19 24 0 14 17 21 23 19 22 15 18 17 11 16 14 21 19 22 14 14
 13 10 10 10 18 18 9 10 15 12 17 12 7 15 16 14 14 9 18 15 13 12 8 16 18 7 15 11 11 15 13 19 18 0 17 18 17 15 18 15 14 14 6 12 10 18 13 16 8 13
 13 9 11 13 22 20 14 12 14 12 18 14 7 16 21 14 14 10 19 19 17 13 8 21 22 9 17 10 14 16 14 22 21 15 0 21 21 18 19 15 14 14 7 12 9 21 16 17 10 13
 17 13 13 12 19 20 10 11 16 12 19 13 12 19 18 18 15 11 22 20 17 13 13 22 20 11 20 12 13 13 16 21 22 17 19 0 18 20 18 18 13 15 7 12 10 23 19 20 10 17
 13 13 12 13 24 22 15 10 15 14 20 17 7 20 19 16 15 11 23 18 19 13 12 18 20 12 18 13 12 14 17 21 19 16 20 18 0 19 19 16 13 13 9 11 10 20 15 20 11 13
 14 11 11 14 21 19 12 13 14 11 17 15 10 20 21 16 17 10 22 19 15 11 10 17 21 10 16 12 11 16 17 19 20 15 19 19 19 0 20 14 15 14 8 14 11 20 16 19 10 16
 16 12 10 12 22 17 12 10 15 10 18 15 8 17 20 15 16 12 22 19 17 13 11 18 22 10 19 11 14 13 13 21 20 14 18 19 17 18 0 14 14 14 7 12 11 19 16 21 12 15
 15 10 11 13 22 18 12 11 15 11 18 12 7 15 17 17 13 10 19 15 15 12 8 19 20 6 19 9 11 13 15 19 19 16 17 18 19 16 16 0 13 14 9 11 10 18 17 20 9 13
 12 10 11 11 18 17 9 9 14 9 16 12 9 15 17 14 13 10 18 15 13 12 8 17 21 8 16 9 13 12 15 18 21 14 15 18 18 18 17 15 0 14 8 9 8 19 13 18 9 12
 14 9 9 13 20 18 9 10 14 9 16 15 6 17 17 13 13 9 19 16 16 12 9 17 20 9 16 10 11 13 14 18 19 13 15 16 18 15 17 14 14 0 7 9 9 20 13 17 8 12
 10 6 7 9 16 14 8 7 11 7 13 10 4 13 15 12 10 7 17 13 12 9 5 15 16 4 13 7 9 10 10 16 16 10 13 15 15 13 13 11 10 10 0 7 5 16 11 14 6 10
 12 6 9 10 18 17 9 8 13 8 14 11 6 15 16 13 12 9 18 15 13 11 6 17 19 6 15 8 10 11 11 18 17 11 14 16 17 15 14 12 12 11 6 0 7 19 12 16 8 12
 10 6 8 9 17 15 8 8 13 7 14 11 5 14 16 13 10 8 17 14 12 10 7 16 16 5 14 8 9 10 11 17 16 11 13 15 15 14 13 13 11 12 4 8 0 17 12 15 7 10
 19 10 12 16 23 19 13 12 19 11 20 14 11 17 23 19 15 14 23 20 18 16 10 19 24 9 20 16 16 16 17 23 23 19 20 19 19 17 21 16 17 14 10 12 13 0 16 22 14 17
 15 9 11 14 21 17 12 9 15 12 17 14 6 19 19 14 15 11 20 16 17 11 8 17 19 6 15 9 14 15 12 19 20 12 17 19 20 17 16 15 16 14 7 11 11 19 0 17 11 12
 14 11 14 16 20 20 12 10 17 10 16 16 8 18 19 16 16 10 20 20 16 15 9 19 19 12 17 14 14 14 15 24 21 15 16 21 21 20 20 15 15 13 9 11 13 22 19 0 9 16
 10 6 7 9 16 16 7 9 12 9 14 10 5 14 16 13 11 7 17 14 12 10 6 16 16 5 13 8 9 11 12 16 18 10 14 16 15 15 14 12 10 11 5 8 7 17 12 16 0 11
 14 7 11 12 20 17 9 11 15 9 15 12 7 17 17 14 12 10 18 15 14 12 7 16 20 6 16 10 13 15 15 20 20 14 18 19 17 17 17 15 14 12 8 9 8 19 15 18 8 0

 0 14 22 16 17 23 17 17 13 11 23 22 15 20 9 17 22 18 14 19 10 20 13 18 19 16 16 14 16 18 16 17 9 17 22 17 25 13 22 17 10 11 11 16 19 11 13 15 10 12
 16 0 15 9 11 15 13 9 8 7 17 16 10 14 5 10 15 14 8 13 6 17 9 14 12 13 12 7 10 12 9 14 4 11 17 14 18 9 13 11 6 6 8 12 13 6 6 10 7 8
 23 13 0 13 14 21 16 15 15 12 20 18 15 18 12 14 20 16 14 19 13 20 12 20 15 17 17 15 14 16 13 17 9 18 20 16 20 12 20 16 10 12 14 16 16 12 11 15 10 14
 19 7 18 0 11 16 16 11 11 11 18 16 11 14 6 12 16 14 10 13 9 19 11 14 14 15 14 10 11 14 10 15 6 13 19 16 18 11 14 11 8 7 9 15 13 9 7 12 8 9
 20 8 17 10 0 17 18 11 11 10 19 18 10 17 6 15 19 15 12 15 10 18 12 17 15 13 13 10 13 15 12 16 8 14 21 15 18 12 16 12 8 10 11 13 14 7 10 11 7 9
 21 9 20 12 15 0 16 14 11 10 22 19 14 19 10 15 22 17 12 15 12 22 14 17 19 15 15 13 12 16 12 17 11 16 19 16 20 12 20 16 13 12 12 16 19 11 9 12 10 14
 21 11 19 15 13 21 0 15 12 10 22 20 11 18 9 16 18 16 12 16 9 19 13 17 15 15 17 13 12 18 13 16 9 15 21 16 22 13 19 15 10 9 14 16 14 8 11 15 10 12
 19 9 16 11 11 16 16 0 8 8 17 17 11 15 7 11 17 14 10 14 8 18 12 15 14 14 14 9 11 13 10 16 5 11 17 16 18 11 14 12 7 7 8 14 15 7 7 10 7 9
 17 6 15 9 11 15 14 9 0 8 18 16 11 14 6 13 15 14 8 12 6 19 9 14 12 13 13 9 10 13 11 15 5 11 17 14 18 11 15 11 7 8 8 14 13 7 7 10 7 9
 17 7 16 9 11 16 14 11 9 0 17 15 10 15 5 11 15 15 9 12 7 18 11 15 13 13 13 8 11 13 11 15 5 12 17 15 17 11 15 11 6 8 9 13 13 6 7 9 8 10
 23 9 19 13 17 20 18 13 15 14 0 20 15 18 8 17 22 18 14 16 13 23 13 18 19 15 16 11 15 17 14 18 9 17 21 19 23 13 20 18 10 13 14 18 16 13 10 14 12 11
 23 9 19 14 18 19 16 12 10 13 21 0 12 18 12 13 18 17 13 19 13 21 14 21 18 15 19 10 12 18 14 16 7 15 20 18 20 16 18 15 13 13 15 15 15 11 11 16 10 10
 19 7 17 12 13 16 16 10 9 10 19 17 0 16 6 14 16 14 11 14 8 18 10 15 15 13 13 9 11 14 10 16 7 11 18 15 19 10 15 12 9 9 9 15 13 8 7 10 8 11
 19 11 17 13 15 20 20 12 14 10 22 18 13 0 8 13 21 18 10 17 10 19 13 19 16 15 16 11 11 16 14 17 9 13 23 18 23 11 20 16 12 12 10 18 16 8 9 12 10 13
 16 6 14 9 10 14 13 9 7 7 16 14 8 13 0 10 14 13 7 11 6 16 8 13 11 12 12 7 9 11 9 13 4 10 16 13 16 9 13 10 5 5 8 12 11 5 5 8 6 8
 18 10 16 12 14 17 17 11 9 9 19 16 12 15 8 0 18 17 11 15 9 20 13 17 15 13 16 12 12 13 12 17 7 14 21 17 20 10 15 13 10 9 10 16 16 7 9 12 8 9
 20 13 21 16 14 22 17 13 15 12 22 18 12 18 8 13 0 17 13 18 9 24 14 18 15 17 15 12 14 15 13 20 10 14 23 20 22 16 18 15 11 9 10 16 15 12 12 14 9 11
 20 12 17 14 15 17 16 11 11 13 19 19 13 18 8 13 17 0 10 18 12 22 15 17 17 15 16 12 15 15 13 18 7 15 20 19 20 11 16 16 12 11 10 17 16 8 11 12 10 10
 17 8 15 11 12 16 15 10 8 8 17 15 11 14 5 12 17 14 0 14 8 17 10 14 14 13 14 8 11 14 11 14 7 12 19 15 18 10 14 11 6 8 8 14 13 6 7 11 7 8
 20 9 18 13 13 20 18 12 10 11 22 18 11 17 10 14 20 15 10 0 10 22 12 16 14 14 15 11 11 15 12 15 8 13 18 16 18 11 17 13 9 8 9 16 15 10 10 12 9 10
 16 7 16 10 11 15 15 9 7 7 17 15 10 14 4 11 15 14 9 12 0 17 9 14 13 12 12 8 9 12 9 13 6 11 16 13 18 10 14 11 6 6 7 12 13 6 6 10 6 8
 21 10 22 13 15 21 21 12 12 16 21 18 15 22 9 17 22 20 14 18 11 0 13 20 19 16 16 14 17 18 14 20 11 18 23 20 21 17 18 15 14 13 16 19 16 13 10 16 12 11
 17 7 16 11 11 17 15 12 11 8 19 17 11 14 6 12 16 15 10 13 7 18 0 15 13 15 13 10 11 13 12 16 7 11 18 14 19 10 16 12 9 7 10 14 13 9 7 11 8 9
 19 12 21 14 15 20 19 15 10 11 19 17 13 19 9 15 19 19 12 15 9 21 12 0 17 16 18 12 11 17 13 19 9 15 19 16 21 13 19 13 9 10 10 14 14 9 9 14 12 10
 19 8 20 11 13 17 15 12 9 11 20 19 11 16 10 13 19 18 10 14 10 20 12 15 0 14 15 10 11 15 14 16 9 15 19 15 21 12 16 12 9 10 10 16 16 8 8 13 10 11
 21 10 18 11 12 17 17 14 9 10 21 20 14 15 7 13 20 19 10 14 8 20 13 18 15 0 15 11 13 16 11 15 10 13 22 17 19 12 16 13 11 9 11 14 16 9 8 13 8 9
 21 9 17 12 14 20 15 11 9 12 20 20 11 18 8 14 17 15 13 17 11 19 12 15 15 16 0 12 11 15 12 16 8 13 19 18 19 11 17 14 10 9 10 14 16 9 10 11 11 11
 17 6 15 9 12 15 15 10 8 8 18 15 11 14 5 11 16 14 10 12 6 19 10 15 13 12 12 0 9 14 10 15 5 12 18 15 17 11 15 11 8 8 8 12 12 7 8 10 7 8
 18 8 16 11 11 17 15 10 9 9 19 16 12 15 6 12 16 16 8 13 8 19 11 15 15 13 13 10 0 14 12 17 6 14 18 14 18 10 14 13 7 8 8 14 13 8 8 10 9 9
 18 11 18 13 14 18 15 12 13 11 20 17 12 17 10 14 18 16 11 16 8 19 12 17 14 15 14 13 11 0 12 16 9 16 20 15 19 14 16 14 11 11 12 16 15 8 9 12 11 13
 18 9 16 10 13 17 15 10 8 10 19 17 10 16 8 11 16 15 10 13 7 18 11 16 13 14 15 10 11 14 0 16 7 13 17 16 19 11 16 12 8 8 10 13 14 7 9 12 7 11
 21 8 20 15 16 17 18 12 12 13 21 20 13 19 9 16 17 16 11 15 10 23 14 16 17 15 15 13 12 14 12 0 9 16 20 19 20 13 18 14 9 10 12 17 15 9 10 11 10 11
 16 5 15 8 10 14 13 9 7 7 16 14 9 13 4 10 15 13 7 12 5 16 9 13 11 12 11 7 8 11 8 13 0 10 17 13 16 8 13 10 5 5 7 12 11 6 6 9 6 7
 19 9 19 12 12 17 15 13 10 12 19 18 13 18 6 15 17 18 10 15 9 21 11 15 14 16 16 10 11 16 10 15 6 0 20 15 20 13 16 13 8 10 11 16 15 9 8 11 9 11
 20 10 18 15 15 21 17 13 12 13 22 22 12 18 8 16 22 17 14 16 10 20 16 18 20 16 16 12 17 18 16 17 11 17 0 18 21 16 22 17 10 10 11 19 17 10 11 16 13 11
 22 12 19 12 14 21 18 13 12 11 21 18 13 17 10 15 17 18 10 15 12 22 11 17 16 18 15 13 14 15 11 18 9 15 20 0 20 13 17 15 10 10 14 16 16 11 11 13 10 10
 20 13 23 15 14 22 19 16 12 14 25 23 13 20 10 18 19 22 11 20 14 23 14 22 16 16 17 13 16 16 15 20 10 15 22 20 0 13 18 14 12 10 12 19 20 10 10 15 11 12
 18 7 17 11 12 16 14 11 9 9 18 17 11 16 6 11 17 15 10 14 8 19 11 14 13 13 13 9 11 14 10 15 6 13 17 15 20 0 15 11 8 8 9 13 13 7 9 12 8 10
 21 8 19 14 15 19 19 15 14 11 22 18 13 16 8 13 19 18 13 14 12 20 15 19 14 15 17 13 14 17 14 17 8 13 21 20 21 11 0 16 12 8 12 16 16 11 12 12 8 11
 19 10 16 12 12 18 16 11 9 11 20 18 10 18 6 12 19 15 10 14 7 18 11 15 16 13 14 12 13 16 12 16 8 15 18 16 19 12 15 0 9 8 9 13 14 8 8 12 8 12
 16 7 15 10 10 15 14 10 8 7 16 15 10 14 4 11 16 14 8 12 6 17 9 13 12 12 12 8 9 12 10 13 5 11 17 13 17 9 15 10 0 6 8 13 12 6 7 9 6 8
 16 6 15 9 10 15 13 9 8 7 17 16 10 14 4 10 16 14 8 12 6 16 9 14 12 12 12 8 10 12 10 14 5 10 17 14 17 9 13 11 6 0 7 12 12 6 7 9 6 7
 18 6 15 10 11 17 14 11 8 8 17 16 11 15 6 12 16 15 9 13 7 17 10 15 13 13 14 10 9 13 11 14 6 11 18 14 18 9 15 12 6 7 0 13 14 7 6 9 7 8
 20 8 17 13 13 18 16 13 10 11 18 19 11 15 8 12 18 18 10 16 8 19 11 18 16 15 16 11 13 14 14 15 8 16 21 18 19 14 18 16 11 10 11 0 14 8 9 13 8 10
 18 10 19 14 14 20 16 13 9 9 18 18 13 16 6 16 20 16 11 17 9 21 12 16 17 16 17 12 12 17 13 15 8 13 20 17 20 13 15 14 8 10 12 16 0 8 9 14 8 10
 17 7 15 10 11 15 13 10 8 8 16 16 9 14 4 10 15 14 8 12 6 17 9 14 12 13 13 9 10 12 9 13 5 12 17 13 16 9 14 10 6 7 8 13 13 0 7 9 6 8
 17 7 15 10 11 15 14 9 7 7 18 16 10 13 5 10 16 14 7 12 7 16 9 14 13 13 12 8 10 12 9 13 5 10 17 13 17 9 15 10 6 6 8 12 12 7 0 10 7 9
 18 9 16 11 12 16 15 10 11 10 18 16 10 15 6 11 17 16 8 14 8 17 10 16 13 13 13 10 10 14 12 14 8 12 18 15 19 11 16 13 7 8 9 13 15 7 8 0 9 10
 17 7 15 9 11 15 14 9 9 8 17 15 10 13 5 12 15 14 7 12 6 17 9 15 12 12 12 7 10 12 10 14 4 10 18 13 17 9 14 10 6 6 8 13 12 6 6 10 0 7
 18 7 15 10 12 15 14 10 8 9 17 17 9 15 5 11 16 14 8 13 7 19 11 14 14 13 13 8 10 12 10 15 5 11 18 14 17 11 14 12 6 8 9 12 13 7 7 10 6 0

 0 11 14 17 9 11 12 8 18 16 9 9 8 8 14 14 12 6 17 8 7 9 17 10 11 12 17 11 7 12 5 17 8 11 11 6 13 10 16 11 17 7 7 11 13 12 15 11 10 15
 8 0 16 19 9 13 12 7 17 18 10 10 8 10 15 15 12 7 16 11 8 10 19 12 12 13 19 12 8 13 5 18 9 13 10 8 13 10 16 13 18 5 9 14 14 14 16 13 9 16
 12 13 0 19 10 15 13 9 21 20 13 14 11 13 18 20 15 12 18 12 10 13 22 14 13 14 21 15 12 16 10 21 10 15 13 10 14 11 21 15 19 11 8 15 16 15 18 16 12 20
 14 14 18 0 15 17 18 10 20 22 13 17 13 12 18 17 19 12 19 14 14 13 21 12 18 17 22 14 12 16 9 22 12 16 13 9 18 13 21 15 21 10 11 14 18 15 21 16 11 20
 9 10 14 17 0 11 12 6 17 16 9 9 9 9 15 16 12 7 16 8 7 11 18 11 11 11 18 12 6 12 6 18 7 13 9 6 14 11 16 12 17 6 8 12 14 11 14 12 8 15
 9 13 17 20 11 0 12 7 20 18 12 10 10 11 17 17 13 7 18 9 7 11 18 13 13 12 19 13 8 15 8 18 9 13 11 7 14 12 17 13 19 6 9 14 15 15 17 14 10 17
 11 11 17 18 11 13 0 9 19 17 13 11 10 9 16 17 15 9 17 10 9 12 21 12 12 13 20 14 8 16 6 18 8 12 11 6 16 13 18 13 18 8 7 12 15 12 16 12 9 17
 8 9 14 17 8 11 11 0 17 15 9 9 8 7 13 13 11 6 16 7 7 10 17 9 10 10 17 11 6 12 5 18 6 11 10 4 12 10 15 11 18 5 6 11 12 11 13 12 8 13
 11 16 20 21 14 17 17 13 0 21 16 13 13 14 18 21 14 13 21 14 13 14 22 14 14 17 23 17 14 15 9 20 10 15 16 13 16 15 22 15 23 9 11 15 18 14 21 15 16 17
 11 13 18 23 15 17 16 13 19 0 12 14 14 12 16 17 15 9 21 15 9 16 22 16 13 15 22 17 12 17 10 23 12 17 12 12 19 12 18 13 19 9 9 16 16 13 20 17 10 21
 8 12 15 18 8 13 14 8 19 17 0 10 9 8 17 15 11 7 18 10 8 12 19 11 13 11 19 12 8 15 7 19 7 13 10 6 15 10 16 12 18 7 7 13 13 14 14 13 8 15
 10 10 16 19 10 12 12 7 19 17 11 0 9 9 14 14 12 7 18 10 8 11 19 11 13 13 19 13 8 14 8 19 9 13 10 6 15 11 17 13 18 7 8 13 13 12 16 11 10 15
 8 11 14 17 9 11 11 8 17 17 10 10 0 8 15 15 12 8 17 8 6 10 17 9 11 12 18 11 6 12 6 17 6 12 9 6 13 10 17 12 18 5 6 12 13 11 15 11 8 14
 8 9 15 17 9 13 12 7 18 15 9 9 10 0 15 14 11 6 15 9 8 10 17 10 11 12 18 11 7 13 6 17 8 12 10 6 13 10 15 11 18 6 6 11 13 12 14 11 9 14
 13 14 17 19 14 16 13 8 19 19 14 13 10 11 0 19 15 10 21 11 8 13 21 11 15 15 20 16 9 16 10 22 9 13 12 10 15 12 19 15 19 8 9 13 17 15 17 15 14 16
 10 11 18 22 12 16 15 9 19 21 11 14 13 12 17 0 15 10 18 12 8 13 19 15 15 14 19 15 11 17 8 23 11 14 13 7 18 13 21 13 19 7 8 13 16 16 16 14 11 16
 10 12 17 18 9 14 12 9 21 18 10 12 9 10 15 15 0 10 16 10 7 13 20 12 14 15 19 12 7 14 7 19 9 15 12 7 14 13 18 14 18 6 7 12 15 12 18 14 11 15
 8 10 13 16 8 12 10 6 17 15 9 10 8 9 13 13 11 0 15 7 6 10 16 10 10 10 17 10 6 12 5 17 6 10 9 5 12 10 16 10 18 4 6 10 12 11 14 12 7 14
 10 16 19 23 15 17 16 10 19 20 16 12 13 14 18 17 14 13 0 15 11 12 22 13 13 14 22 13 12 15 7 24 10 16 16 11 16 14 18 16 19 8 12 16 16 16 17 15 12 18
 10 9 15 17 9 12 12 7 18 15 10 9 8 8 15 16 12 6 15 0 6 10 17 11 11 11 17 11 7 13 5 17 7 11 10 5 12 9 17 12 18 6 7 11 12 12 15 12 10 14
 7 9 14 16 8 10 11 6 17 16 10 9 8 7 13 15 10 6 15 8 0 9 17 9 12 10 17 11 6 13 5 16 6 12 9 4 12 9 15 11 18 5 6 10 12 12 14 11 8 14
 10 11 16 18 9 12 13 8 18 17 10 10 10 10 15 16 12 8 16 10 9 0 18 10 13 12 18 13 8 13 7 18 7 12 10 7 13 10 16 12 17 7 7 12 13 11 15 12 10 16
 16 15 18 25 14 15 16 13 21 23 16 13 12 11 21 17 17 13 18 12 14 13 0 13 16 18 22 17 14 19 8 23 13 17 13 10 15 13 22 15 21 11 13 15 19 16 22 14 16 18
 11 10 14 18 10 12 14 7 19 17 11 11 9 10 16 14 11 8 17 10 7 10 18 0 14 13 19 12 7 15 7 19 7 13 10 6 13 12 16 12 18 5 8 13 13 12 15 11 10 16
 10 11 16 21 11 12 14 9 20 18 12 13 10 10 17 17 12 10 17 9 7 12 18 10 0 13 20 12 10 14 6 19 9 15 12 8 13 11 18 13 21 6 9 14 15 13 18 14 9 16
 11 12 17 19 10 14 14 10 18 17 11 11 9 11 15 17 12 10 18 9 9 13 18 11 14 0 20 15 8 15 8 19 8 14 11 8 16 13 18 14 18 6 8 12 14 12 16 13 9 15
 14 12 20 21 15 15 15 11 20 22 12 16 11 16 21 20 15 10 23 11 12 14 22 12 15 17 0 17 9 20 8 20 9 15 15 13 18 16 21 17 21 9 13 17 16 15 18 15 14 17
 12 12 17 20 10 14 13 9 18 17 12 11 10 9 15 15 14 8 18 11 9 12 19 11 12 12 18 0 7 14 9 20 10 14 12 6 13 11 18 12 18 9 9 12 13 14 16 15 11 16
 7 10 14 17 7 10 10 7 16 16 9 9 8 7 13 14 11 7 15 8 6 9 17 9 11 11 16 11 0 12 5 17 6 10 9 5 12 9 15 11 17 4 6 11 12 10 15 11 8 14
 11 11 17 18 12 16 15 8 19 17 11 14 10 10 16 19 12 8 19 9 10 13 20 11 14 13 21 15 10 0 10 21 9 14 13 6 17 13 18 15 19 7 10 16 14 12 17 12 11 16
 7 8 14 16 7 10 10 5 16 15 9 9 7 7 13 13 10 5 15 7 6 9 16 9 10 10 16 10 5 12 0 16 5 11 8 4 11 9 14 10 16 4 6 10 12 10 13 10 7 13
 11 15 17 22 16 14 18 10 23 22 13 16 14 12 20 17 16 11 19 11 14 13 23 17 18 19 23 17 10 20 9 0 13 17 13 9 15 14 23 17 24 9 9 16 16 16 17 14 11 20
 8 9 14 17 8 10 11 7 17 16 9 10 8 7 13 14 10 7 15 8 6 9 16 9 11 11 17 11 6 12 4 16 0 12 9 4 13 9 15 11 17 5 6 12 13 10 14 10 7 14
 11 12 17 18 10 12 15 10 19 16 11 12 9 9 15 17 13 9 17 10 10 13 19 10 15 12 19 13 9 15 6 18 10 0 11 7 15 11 18 14 18 6 8 12 15 12 16 13 9 16
 8 10 16 20 8 12 12 8 17 18 11 10 10 8 14 14 11 9 17 10 9 11 18 12 13 12 19 13 8 14 6 18 7 13 0 7 13 11 16 12 18 8 9 14 14 13 15 12 10 15
 7 8 13 16 7 10 10 6 16 15 8 9 7 7 14 14 10 6 15 8 6 8 16 9 10 10 16 10 5 12 4 16 5 10 9 0 11 9 15 10 16 4 6 10 12 10 13 10 7 13
 10 13 17 19 11 14 13 8 20 17 11 13 13 10 17 16 15 10 18 9 10 13 19 11 13 12 21 12 10 14 8 18 9 13 14 6 0 12 18 15 18 8 10 13 16 13 19 15 11 15
 9 10 16 17 9 13 12 7 19 17 10 10 8 11 16 17 12 7 16 9 8 11 18 11 13 13 20 14 8 13 6 20 9 13 10 6 13 0 17 12 19 6 7 13 13 12 14 13 9 15
 12 15 17 22 11 16 18 9 21 18 12 12 14 13 20 21 13 9 19 14 9 16 24 15 15 14 23 15 11 19 9 19 9 15 16 11 17 16 0 14 23 9 10 13 17 16 19 16 10 18
 12 12 17 20 10 14 14 10 20 17 10 12 11 9 15 16 13 7 18 11 9 11 18 13 13 12 20 14 8 14 8 18 9 14 10 7 13 13 19 0 18 6 10 14 13 14 17 14 11 18
 15 13 18 21 14 15 14 10 20 19 13 15 14 14 17 18 17 10 18 13 13 15 20 14 19 14 21 14 10 17 12 23 13 14 14 11 18 14 22 14 0 12 14 16 16 16 17 14 13 21
 7 8 13 16 7 10 10 6 16 14 9 8 7 7 13 13 10 5 15 7 5 8 16 8 10 10 16 10 6 11 4 16 6 10 9 4 11 9 15 10 16 0 5 10 12 10 13 10 7 13
 8 10 15 17 8 11 11 6 17 15 10 10 8 8 14 14 10 6 16 8 6 10 17 10 12 11 16 10 7 13 4 16 6 11 9 5 12 9 15 11 17 5 0 10 12 12 13 12 8 14
 10 11 16 19 10 12 13 10 18 18 12 12 9 11 17 17 12 7 17 12 9 11 20 11 13 12 20 13 9 14 7 18 9 13 13 6 16 12 19 14 20 8 8 0 15 14 17 14 9 18
 11 12 18 21 10 12 14 10 20 19 11 11 9 11 18 17 12 8 20 12 9 14 21 13 12 14 20 12 9 16 6 21 11 13 13 6 14 13 17 15 19 7 8 13 0 13 18 13 9 19
 9 12 17 18 11 13 13 9 20 18 12 12 9 10 17 16 14 10 18 10 10 12 19 12 13 12 20 12 8 16 7 19 9 13 11 6 14 11 18 12 19 6 7 12 15 0 17 13 9 18
 12 11 19 21 10 15 14 11 19 20 13 11 10 14 18 16 14 11 19 13 9 15 20 15 15 16 19 13 12 17 9 19 9 14 15 10 18 11 19 15 19 10 12 13 16 17 0 13 14 16
 9 13 17 20 12 12 14 8 19 17 10 12 11 9 15 15 12 9 18 10 9 12 18 12 13 12 18 12 8 16 7 19 9 14 12 6 16 12 17 12 19 8 10 14 15 12 15 0 9 15
 9 11 14 17 10 11 11 7 17 16 11 11 8 8 15 14 12 7 16 8 6 9 18 10 12 12 19 11 7 12 5 18 6 11 10 5 14 9 16 13 17 6 8 11 13 12 15 11 0 15
 12 13 19 19 11 16 17 11 19 20 14 11 14 13 17 16 15 12 19 10 8 11 21 12 15 14 19 15 12 17 7 19 8 13 13 7 18 11 21 15 23 9 10 15 15 15 16 16 13 0
