10 2

 0 99 62 103 69 46 61 167 157 84
 99 0 114 35 77 75 69 157 163 48
 62 114 0 123 107 79 67 188 176 102
 103 35 123 0 73 77 76 161 169 53
 69 77 107 73 0 48 76 159 162 69
 46 75 79 77 48 0 52 145 140 61
 61 69 67 76 76 52 0 145 134 56
 167 157 188 161 159 145 145 0 199 107
 157 163 176 169 162 140 134 199 0 115
 84 48 102 53 69 61 56 107 115 0

 0 99 163 199 172 148 67 68 60 79
 99 0 215 131 180 177 75 58 66 43
 163 215 0 286 277 248 140 156 146 164
 199 131 286 0 240 243 146 126 136 112
 172 180 277 240 0 218 150 128 133 132
 148 177 248 243 218 0 126 114 111 124
 67 75 140 146 150 126 0 50 41 55
 68 58 156 126 128 114 50 0 36 36
 60 66 146 136 133 111 41 36 0 45
 79 43 164 112 132 124 55 36 45 0

 0 20 40 48 34 36 36 48 40 36
 12 0 28 36 22 24 24 36 28 24
 72 68 0 96 82 84 84 96 88 84
 96 92 112 0 106 108 108 120 112 108
 54 50 70 78 0 66 66 78 70 66
 60 56 76 84 70 0 72 84 76 72
 60 56 76 84 70 72 0 84 76 72
 96 92 112 120 106 108 108 0 112 108
 72 68 88 96 82 84 84 96 0 84
 60 56 76 84 70 72 72 84 76 0

 0 16 32 30 20 40 24 26 22 34
 16 0 32 30 20 40 24 26 22 34
 64 64 0 78 68 88 72 74 70 82
 58 58 74 0 62 82 66 68 64 76
 28 28 44 42 0 52 36 38 34 46
 88 88 104 102 92 0 96 98 94 106
 40 40 56 54 44 64 0 50 46 58
 46 46 62 60 50 70 54 0 52 64
 34 34 50 48 38 58 42 44 0 52
 70 70 86 84 74 94 78 80 76 0